A 0.7408
P 4122 6781 4108 6891 4146 6901 4194 6848 4214 6900 4281 6847 4326 6880 4322 6942 4373 7004 4313 7071 4357 7085 4375 7042 4418 7032 4400 7065 4431 7065 4441 7164 4527 7163 4581 7082 4613 7101 4601 7130 4645 7129 4620 7148 4646 7186 4616 7210 4659 7219 4692 7275 4630 7295 4650 7332 4625 7347 4669 7361 4681 7419 4634 7451 4659 7455 4647 7521 4792 7595 4737 7652 4787 7661 4788 7727 4901 7740 4901 7772 5013 7857 4982 7895 5013 7914 5013 7962 4982 7971 5006 8019 4963 8065 5055 8176 4963 8208 4993 8165 4957 8160 4895 8217 4883 8169 4808 8150 4790 8202 4864 8273 4833 8277 4851 8382 4759 8395 4771 8419 4698 8464 4649 8469 4624 8442 4545 8467 4552 8505 4473 8569 4578 8696 4598 8825 4660 8929 4654 9035 4594 9112 4625 9141 4619 9213 4589 9228 4619 9232 4601 9256 4619 9246 4650 9294 4578 9333 4632 9367 4644 9477 4596 9478 4583 9527 4566 9469 4536 9478 4530 9459 4465 9507 4334 9475 4227 9566 4132 9559 4085 9599 4032 9593 3958 9509 3757 9477 3658 9386 3486 9294 3448 9303 3606 9399 3645 9460 3654 9488 3592 9507 3526 9441 3404 9386 3424 9409 3349 9407 3420 9454 3349 9496 3281 9501 3253 9468 3276 9438 3220 9428 3204 9394 3163 9422 3203 9449 3193 9473 3116 9452 3119 9363 3075 9367 3038 9312 3009 9363 2998 9314 2942 9301 2951 9333 2838 9358 2763 9474 2837 9520 2978 9477 3008 9510 2973 9515 2960 9576 2890 9527 2822 9569 2863 9595 2739 9614 2681 9608 2639 9558 2545 9542 2418 9624 2276 9622 2261 9641 2203 9584 2126 9583 2096 9622 1961 9657 1921 9624 1973 9613 1963 9585 1894 9600 1790 9453 1829 9402 1809 9340 1839 9215 1910 9096 1851 9016 1861 8906 1958 8778 1988 8674 2044 8639 2031 8550 2153 8233 2280 8137 2289 8091 2417 8032 2537 7833 2644 7773 2717 7650 2764 7495 2745 7477 2858 7391 2813 7351 2861 7315 2866 7273 2830 7293 2829 7274 2866 7259 2877 7211 2808 7200 2832 7171 2779 7069 2790 7026 2834 7020 2930 7105 2967 7104 3004 7070 2977 6991 3083 6973 3066 7034 3117 7108 3193 7115 3224 7095 3231 7137 3306 7121 3282 7169 3262 7150 3225 7165 3238 7212 3195 7241 3258 7258 3307 7196 3364 7186 3363 7120 3464 7129 3489 7091 3558 7110 3514 7077 3532 7029 3695 7025 3756 6935 3869 6949 3879 6864 3848 6840 3842 6873 3811 6873 3798 6854 3835 6845 3748 6830 3779 6826 3766 6792 3902 6768 3927 6792 3970 6768 4039 6825 4037 6777 4122 6781
P 3095 9428 3110 9452 3043 9454 3050 9426 3095 9428
P 4650 5787 4727 5783 4759 5835 4868 5859 4907 5936 4946 5950 4933 5989 5003 5979 5042 6041 5087 6027 5119 6065 5164 6070 5171 6204 5229 6199 5293 6237 5305 6175 5406 6193 5437 6174 5431 6145 5286 6079 5292 6031 5330 6036 5411 5993 5530 5993 5593 6054 5593 6026 5643 6054 5718 6025 5769 6073 5737 6097 5750 6125 5800 6149 5813 6120 5869 6153 5902 6024 5865 5881 5948 5867 5974 5824 6064 5833 6050 5914 6082 5952 6120 5938 6120 5981 6158 5985 6164 6014 6242 5976 6286 5995 6453 5951 6497 5989 6619 5946 6668 5988 6665 6041 6822 6092 6835 6132 6779 6166 6903 6243 6903 6350 6971 6376 6965 6414 7030 6417 7083 6468 7162 6487 7157 6505 7219 6511 7205 6571 7283 6587 7233 6701 7201 6705 7201 6763 7125 6808 7170 6870 7261 6895 7259 6966 7302 6976 7327 7079 7390 7096 7376 7162 7407 7223 7514 7264 7541 7326 7642 7347 7642 7323 7725 7331 7813 7382 7818 7434 7881 7465 7905 7526 7973 7554 7973 7593 8043 7632 8099 7624 8217 7712 8239 7814 8318 7855 8333 7819 8419 7818 8429 7845 8465 7842 8509 7928 8576 7921 8596 7939 8654 8057 8688 8072 8635 8136 8677 8239 8660 8303 8596 8340 8584 8383 8563 8399 8325 8296 8306 8334 8252 8337 8272 8399 8225 8577 8088 8670 7875 8701 7736 8784 7633 8801 7600 8854 7507 8912 7512 8950 7624 9036 7647 9112 7710 9136 7778 9252 7680 9407 7729 9430 7824 9421 7892 9526 7849 9566 7860 9592 7829 9596 7835 9711 7791 9748 7558 9626 7538 9600 7587 9555 7527 9518 7540 9479 7346 9474 7315 9532 7238 9539 7161 9447 6968 9478 6963 9396 6876 9449 6914 9574 6716 9567 6704 9548 6536 9579 6529 9603 6289 9578 6229 9689 6072 9687 6018 9740 6057 9774 5967 9766 5915 9794 5894 9844 5839 9844 5863 9788 5760 9803 5715 9836 5570 9838 5515 9733 5445 9733 5453 9702 5506 9684 5467 9656 5346 9684 5252 9627 5158 9610 5116 9658 4998 9626 5025 9591 4975 9595 4997 9631 4976 9707 5009 9721 5018 9790 4979 9813 4977 9860 4929 9864 4856 9958 4756 10000 4689 10000 4751 9842 4733 9859 4699 9841 4679 9875 4632 9866 4608 9891 4579 9818 4607 9809 4603 9760 4558 9747 4552 9718 4501 9722 4461 9675 4472 9640 4417 9663 4374 9642 4366 9665 4300 9639 4287 9580 4246 9590 4215 9651 4085 9609 4132 9559 4239 9561 4334 9475 4465 9507 4530 9459 4536 9478 4566 9469 4583 9527 4596 9478 4644 9477 4632 9367 4578 9333 4650 9294 4619 9246 4601 9256 4619 9232 4589 9228 4619 9213 4625 9141 4594 9112 4654 9035 4660 8929 4598 8825 4578 8696 4473 8569 4552 8505 4545 8467 4624 8442 4649 8469 4698 8464 4771 8419 4759 8395 4851 8382 4833 8277 4864 8273 4790 8202 4808 8150 4883 8169 4895 8217 4957 8160 4993 8165 4963 8208 5055 8176 4963 8065 5006 8019 4982 7971 5013 7962 5013 7914 4982 7895 5013 7857 4901 7772 4901 7740 4788 7727 4787 7661 4737 7652 4792 7595 4647 7521 4659 7455 4634 7451 4681 7419 4669 7361 4625 7347 4650 7332 4630 7295 4692 7275 4659 7219 4616 7210 4646 7186 4620 7148 4645 7129 4601 7130 4613 7101 4581 7082 4527 7163 4459 7169 4421 7150 4418 7032 4375 7042 4357 7085 4313 7071 4373 6999 4328 6956 4333 6894 4294 6847 4221 6900 4194 6848 4133 6901 4102 6882 4128 6767 4037 6777 4039 6825 3970 6768 3927 6792 3902 6768 3853 6792 3828 6778 3766 6792 3779 6826 3748 6830 3835 6845 3798 6854 3824 6878 3860 6845 3886 6888 3856 6916 3869 6949 3756 6935 3670 7034 3551 7039 3493 7001 3537 6949 3517 6888 3561 6878 3591 6821 3541 6802 3571 6755 3527 6760 3526 6694 3489 6709 3495 6690 3463 6690 3482 6661 3448 6506 3486 6500 3465 6439 3408 6426 3450 6350 3564 6333 3602 6342 3598 6380 3631 6317 3672 6302 3824 6324 3870 6391 3979 6375 3994 6279 3963 6270 3958 6183 4046 6211 4133 6196 4107 6177 4125 6148 4225 6094 4227 5959 4285 5949 4376 5982 4459 5952 4586 5797 4624 5768 4650 5787
P 7953 3162 8012 3177 8028 3120 8074 3126 8089 3083 8116 3084 8121 3122 8180 3128 8215 3095 8254 3110 8295 3092 8275 3077 8303 3058 8354 3102 8338 3169 8384 3174 8461 3247 8501 3248 8451 3323 8485 3309 8609 3350 8594 3402 8498 3490 8486 3443 8447 3447 8434 3418 8309 3420 8297 3387 8243 3400 8248 3443 8209 3442 8157 3399 8123 3417 8111 3393 8077 3412 8052 3387 7931 3428 7879 3389 7969 3276 7910 3256 7953 3162
P 8736 1998 8777 2101 8867 2084 8928 2114 9000 2073 9067 2099 9130 2091 9125 2167 8977 2305 9149 2309 9216 2240 9286 2236 9308 2213 9352 2286 9268 2409 9291 2466 9260 2555 9023 2691 9038 2796 9000 2846 9101 2872 9240 2950 9376 3081 9565 3180 9523 3241 9556 3284 9460 3363 9444 3416 9505 3526 9490 3553 9631 3616 9598 3769 9676 3831 9610 4047 9506 4135 9518 4174 9575 4189 9583 4269 9657 4325 9682 4411 9643 4459 9615 4440 9593 4502 9534 4512 9489 4474 9443 4505 9302 4517 9241 4566 9180 4529 9035 4510 9040 4534 8968 4572 8985 4593 8922 4593 8955 4635 8884 4729 8837 4697 8627 4745 8524 4723 8452 4736 8441 4712 8388 4735 8364 4691 8236 4627 8209 4664 8144 4644 8110 4695 8077 4695 8089 4714 8031 4699 8020 4656 7987 4660 8024 4537 7999 4494 7954 4489 7962 4441 7924 4417 7884 4430 7846 4378 7973 4323 7960 4299 7994 4290 7927 4122 7954 4090 7829 4092 7837 4054 7758 4053 7746 4010 7627 4013 7622 3970 7556 3979 7432 3915 7372 3952 7286 3951 7208 3883 7161 3906 6992 3795 6927 3713 6961 3661 7015 3643 6963 3604 7032 3486 7006 3467 7027 3410 6994 3395 7056 3315 6989 3305 6951 3257 6910 3294 6877 3280 6897 3247 6850 3256 6892 3194 6880 3127 6954 3123 6949 3047 6909 3013 6924 2937 6972 2909 6947 2828 6901 2803 6826 2836 6827 2788 6813 2807 6720 2787 6665 2805 6518 2766 6499 2742 6526 2708 6459 2698 6412 2660 6351 2673 6345 2635 6285 2630 6292 2591 6163 2585 6096 2542 5974 2574 5893 2487 6029 2503 6029 2465 6185 2485 6226 2433 6213 2371 6288 2333 6363 2334 6396 2368 6505 2355 6472 2321 6546 2326 6574 2288 6635 2299 6662 2265 6717 2256 6745 2171 6812 2205 6860 2182 6873 2211 6941 2187 6974 2231 7122 2257 7175 2325 7269 2307 7350 2332 7417 2319 7423 2352 7517 2358 7496 2392 7523 2406 7617 2389 7650 2418 7752 2391 7717 2424 7757 2439 7894 2370 7909 2336 7976 2323 8029 2367 8051 2315 8106 2287 8173 2289 8219 2328 8255 2262 8302 2272 8324 2225 8351 2235 8339 2192 8376 2131 8457 2118 8473 2071 8550 2025 8625 2036 8681 2004 8628 1983 8638 1927 8669 1980 8736 1998
P 8303 3058 8275 3077 8295 3092 8254 3110 8215 3095 8180 3128 8121 3122 8116 3084 8089 3083 8074 3126 8028 3120 8012 3177 7926 3176 7952 3200 7910 3256 7969 3276 7908 3328 7920 3366 7885 3404 7931 3428 8025 3387 8077 3412 8111 3393 8123 3417 8157 3399 8209 3442 8248 3443 8243 3400 8297 3387 8309 3420 8434 3418 8447 3447 8486 3443 8498 3490 8587 3411 8609 3350 8485 3309 8451 3323 8501 3248 8461 3247 8384 3174 8338 3169 8354 3102 8303 3058
P 3397 2476 3357 2482 3405 2515 3372 2525 3394 2577 3342 2622 3295 2618 3267 2585 3268 2609 3215 2610 3166 2568 3120 2593 3005 2429 2889 2389 2853 2347 2975 2363 2970 2401 3009 2381 3058 2413 3227 2428 3262 2465 3355 2439 3397 2476
P 4582 1719 4685 1680 4720 1690 4660 1756 4753 1827 4718 1841 4734 1879 4678 1884 4672 1927 4694 1960 4750 1964 4844 2059 4871 2049 4774 2121 4697 2117 4562 2032 4499 2090 4443 2076 4401 2096 4415 2052 4393 2038 4352 2077 4282 2025 4288 1991 4246 1977 4251 1915 4202 1910 4242 1820 4313 1877 4402 1791 4493 1795 4506 1752 4583 1757 4582 1719
P 3957 4399 4098 4391 4165 4461 4120 4504 4081 4495 4095 4523 4057 4538 4116 4603 4118 4669 4036 4705 4026 4762 4210 4823 4248 4808 4254 4770 4216 4794 4183 4734 4287 4709 4307 4676 4361 4727 4347 4676 4407 4671 4475 4842 4566 4852 4587 4919 4762 4968 4737 5058 4692 5015 4640 5029 4699 5058 4667 5139 4745 5177 4720 5211 4674 5215 4551 5190 4525 5233 4578 5276 4447 5276 4448 5304 4493 5290 4481 5328 4520 5309 4572 5357 4527 5381 4528 5424 4449 5438 4456 5490 4418 5514 4437 5547 4366 5627 4365 5670 4445 5685 4451 5632 4557 5624 4598 5682 4545 5705 4573 5778 4547 5860 4465 5948 4337 5982 4240 5949 4219 6109 4125 6148 4107 6177 4133 6196 4046 6211 3958 6183 3963 6270 3994 6279 3979 6375 3870 6391 3824 6324 3672 6302 3631 6317 3598 6380 3602 6342 3564 6333 3450 6350 3431 6374 3408 6436 3465 6439 3486 6500 3448 6506 3482 6661 3463 6690 3495 6690 3489 6709 3526 6694 3527 6760 3571 6755 3541 6802 3591 6821 3561 6878 3517 6888 3537 6949 3493 6978 3532 7029 3514 7077 3558 7110 3489 7091 3464 7129 3363 7120 3364 7186 3307 7196 3258 7258 3214 7259 3195 7241 3238 7212 3225 7165 3262 7150 3282 7169 3306 7121 3231 7137 3224 7095 3193 7115 3117 7108 3066 7034 3083 6973 2977 6991 3004 7070 2930 7105 2834 7020 2790 7026 2751 6985 2717 6892 2810 6850 2852 6792 2789 6794 2743 6725 2755 6687 2703 6646 2700 6546 2622 6473 2527 6452 2308 6526 2199 6531 2087 6406 2156 6387 2180 6329 2258 6362 2263 6314 2210 6276 2234 6232 2329 6193 2374 6221 2405 6196 2366 6168 2378 6149 2461 6161 2473 6142 2412 6013 2305 5963 2316 5929 2355 5918 2318 5871 2334 5818 2384 5778 2448 5806 2499 5786 2511 5723 2476 5708 2492 5679 2451 5626 2518 5549 2466 5477 2623 5362 2671 5391 2737 5391 2779 5338 2836 5323 2832 5257 2927 5193 2886 5160 2909 5087 3053 5094 3123 5073 3096 5040 3178 4947 3143 4876 3096 4858 2978 4894 2948 4842 3090 4728 3367 4712 3379 4659 3346 4660 3317 4593 3403 4558 3459 4543 3529 4570 3537 4641 3662 4619 3674 4581 3761 4550 3771 4498 3826 4449 3788 4421 3943 4366 3957 4399
P 7253 735 7284 771 7400 788 7736 795 7561 833 7417 814 7410 832 7466 838 7434 872 7466 845 7471 878 7523 880 7544 848 7570 914 7644 888 7665 841 7798 793 7804 848 7879 886 7859 913 7892 995 7972 1010 7933 1031 7978 1015 8013 1047 8089 1055 8154 1125 8124 1152 8230 1132 8194 1174 8225 1156 8275 1240 8323 1247 8310 1198 8561 1146 8536 1165 8657 1224 8633 1294 8588 1319 8774 1457 8676 1529 8751 1515 8799 1474 8753 1400 8765 1370 8830 1370 8824 1442 8850 1405 8895 1406 8881 1422 8914 1431 8919 1361 8900 1334 8871 1343 8839 1275 8770 1274 8785 1311 8717 1358 8736 1305 8713 1295 8616 1332 8663 1230 8619 1210 8594 1153 8653 1128 8727 1226 8883 1287 9109 1447 9071 1465 9105 1530 8910 1519 8857 1552 8757 1563 8656 1539 8910 1671 9059 1697 9122 1663 9176 1691 9102 1739 9165 1743 9183 1827 9222 1847 9198 1944 9277 2051 9321 2218 9216 2240 9149 2309 8977 2305 9125 2167 9130 2091 9067 2099 9000 2073 8928 2114 8867 2084 8777 2101 8736 1995 8669 1980 8638 1927 8628 1983 8681 2004 8625 2036 8550 2025 8473 2071 8457 2118 8376 2131 8339 2192 8351 2235 8324 2225 8302 2272 8255 2262 8219 2328 8173 2289 8106 2287 8051 2315 8029 2367 7976 2323 7909 2336 7894 2370 7757 2439 7717 2424 7752 2391 7650 2418 7617 2389 7523 2406 7496 2392 7517 2358 7423 2352 7417 2319 7350 2332 7269 2307 7175 2325 7122 2257 6974 2231 6941 2187 6873 2211 6860 2182 6812 2205 6745 2171 6717 2256 6662 2265 6635 2299 6574 2288 6546 2326 6472 2321 6505 2355 6410 2368 6363 2334 6288 2333 6199 2380 6226 2433 6185 2485 6029 2465 6015 2503 5893 2487 5852 2458 5798 2467 5812 2410 5670 2346 5588 2211 5507 2190 5419 2244 5276 2154 5156 2161 5201 2044 5262 2045 5275 2016 5403 1977 5402 1896 5450 1911 5511 1889 5537 1771 5330 1676 5343 1600 5316 1562 5342 1510 5459 1450 5487 1484 5555 1471 5472 1455 5480 1413 5639 1348 5790 1337 5829 1376 5877 1376 5877 1442 5960 1410 6091 1485 6122 1397 6079 1408 6080 1361 6062 1407 6018 1401 6007 1360 6132 1327 6105 1390 6130 1398 6178 1330 6161 1316 6219 1315 6229 1275 6274 1259 6253 1225 6176 1294 6202 1234 6339 1160 6526 1170 6781 1122 6786 1162 6822 1164 6841 1135 6790 1124 7056 974 7253 735
P 7409 832 7380 811 7315 839 7333 864 7288 857 7258 882 7161 870 7142 925 7110 917 7119 941 7079 964 7104 998 7082 1015 7188 1038 7132 997 7208 966 7202 933 7270 922 7289 869 7331 898 7416 855 7409 832
P 7960 777 7908 789 7977 722 8023 732 8004 766 8069 741 8025 733 8028 701 7950 710 7933 655 8055 648 8110 697 8101 647 8162 611 8145 652 8188 639 8227 723 8268 749 8329 739 8324 652 8208 621 8181 568 8142 609 8042 639 8085 527 8024 554 8026 603 7952 639 8019 583 8016 535 8049 509 8245 478 8247 505 8187 541 8236 615 8468 605 8518 634 8506 688 8398 764 8442 837 8511 842 8613 918 8559 959 8568 1006 8525 995 8542 977 8482 976 8545 938 8443 951 8522 908 8446 932 8410 904 8273 926 8285 944 8207 1008 8161 1011 8169 1039 8176 1017 8233 1030 8206 1073 8093 1034 8127 1042 8142 1000 8127 1026 8071 1031 8014 998 7994 1010 7988 976 7928 994 7945 966 7978 970 7902 931 7916 880 8062 865 8007 805 7950 816 7960 777
P 7925 580 7949 613 7928 590 7897 607 7904 666 7846 769 7883 599 7925 580
P 7831 766 7818 790 7741 795 7831 766
P 3065 1495 3148 1559 3286 1578 3431 1567 3522 1533 3518 1506 3727 1525 3869 1682 3966 1741 4010 1839 4148 1902 4251 1915 4246 1977 4288 1991 4282 2025 4352 2077 4393 2038 4422 2067 4401 2096 4443 2076 4485 2095 4562 2032 4697 2117 4774 2121 4865 2073 5136 2166 5276 2154 5419 2244 5520 2191 5588 2211 5670 2346 5812 2410 5798 2467 5886 2478 5954 2564 6096 2542 6150 2580 6251 2601 6210 2648 6156 2643 6149 2719 5945 2803 5640 2753 5586 2761 5532 2832 5340 2832 5372 3000 5412 2996 5509 3146 5571 3127 5523 3199 5606 3294 5538 3293 5525 3336 5681 3446 5661 3479 5581 3493 5641 3531 5608 3554 5695 3635 5617 3673 5617 3696 5669 3711 5650 3753 5539 3790 5573 3814 5567 3852 5258 3858 5212 3866 5225 3886 5192 3909 5118 3913 5145 3951 5219 3976 5172 4000 5219 4048 5133 4116 5134 4204 5193 4237 5273 4383 5202 4414 5229 4493 5164 4469 5073 4503 4988 4454 4916 4458 4886 4539 4763 4605 4718 4591 4699 4638 4660 4643 4680 4657 4609 4647 4583 4671 4563 4647 4442 4723 4407 4671 4347 4676 4361 4727 4307 4676 4287 4709 4183 4734 4216 4794 4254 4770 4248 4808 4210 4823 4077 4789 4019 4743 4055 4690 4118 4669 4116 4603 4057 4538 4095 4523 4081 4495 4120 4504 4165 4461 4098 4391 3963 4403 3956 4366 3830 4378 3859 4311 3837 4236 3905 4192 3890 4131 3921 4111 3785 4113 3796 4060 3716 4019 3720 3966 3622 3972 3623 3833 3563 3806 3574 3753 3494 3735 3428 3751 3399 3675 3466 3693 3457 3640 3496 3630 3382 3589 3374 3565 3547 3408 3518 3356 3563 3312 3516 3284 3469 3281 3348 3408 3256 3424 3096 3417 3090 3279 3035 3241 2930 3282 2876 3264 2794 3347 2654 3331 2664 3403 2806 3457 2835 3518 2809 3653 2890 3685 2774 3745 2763 3783 2616 3752 2536 3830 2357 3838 2294 3879 2233 3861 2197 3815 2332 3777 2322 3724 2349 3717 2213 3670 2273 3570 2244 3533 2309 3525 2254 3452 2207 3435 2116 3448 2016 3409 1987 3339 1900 3314 1862 3372 1895 3385 1871 3442 1811 3449 1557 3586 1405 3581 1308 3613 1263 3547 1317 3434 1238 3322 1177 3364 974 3328 919 3303 886 3211 978 3200 930 3167 951 3094 1103 3081 1288 3109 1334 2838 1516 2644 1511 2515 1479 2481 1550 2432 1526 2417 1541 2385 1528 2341 1455 2334 1503 2217 1260 2209 1229 2177 1285 1989 1268 1956 1335 1974 1377 1957 1329 1901 1403 1835 1577 1763 1809 1779 2097 1729 2339 1728 2371 1817 2442 1816 2427 1833 2510 1929 2491 1981 2393 1991 2402 2044 2597 2129 2667 2042 2667 1971 2574 1973 2619 1858 2685 1850 2752 1909 2885 1927 2930 1966 2889 1998 2945 1976 2849 1749 2931 1570 2986 1512 3065 1495
P 2889 2389 3005 2429 3120 2593 3166 2568 3215 2610 3268 2609 3267 2585 3295 2618 3342 2622 3394 2577 3372 2525 3405 2515 3357 2482 3397 2476 3355 2439 3262 2465 3227 2428 3058 2413 3009 2381 2970 2401 2975 2363 2893 2346 2853 2347 2889 2389
P 2866 1445 2884 1463 2854 1467 2866 1445
P 2332 1632 2346 1685 2308 1652 2332 1632
P 2208 1621 2287 1646 2186 1629 2176 1647 2154 1631 2208 1621
P 2002 1640 2110 1646 1974 1673 2002 1640
P 1857 1668 1916 1680 1741 1707 1760 1672 1857 1668
P 1661 1698 1700 1710 1624 1708 1661 1698
P 1576 1712 1527 1737 1382 1736 1576 1712
P 1123 1802 1097 1835 1083 1813 1123 1802
P 971 1846 1025 1867 927 1891 958 1926 828 1873 834 1854 971 1846
P 3049 3251 3090 3279 3096 3417 3130 3426 3348 3408 3469 3281 3563 3312 3524 3337 3553 3394 3509 3467 3477 3491 3444 3482 3374 3565 3382 3589 3496 3630 3457 3640 3466 3693 3399 3675 3428 3751 3494 3735 3574 3753 3563 3806 3623 3833 3622 3972 3720 3966 3716 4019 3796 4060 3785 4113 3921 4111 3890 4131 3905 4192 3832 4255 3859 4311 3830 4378 3906 4381 3788 4421 3826 4449 3771 4498 3761 4550 3723 4551 3662 4619 3631 4610 3588 4645 3537 4641 3535 4574 3459 4543 3317 4593 3346 4660 3379 4659 3367 4712 3090 4728 3052 4777 3012 4778 2943 4856 2978 4894 3129 4862 3178 4947 3096 5040 3123 5073 3053 5094 2909 5087 2886 5160 2927 5193 2832 5257 2836 5323 2779 5338 2737 5391 2671 5391 2623 5362 2466 5477 2518 5544 2489 5602 2380 5596 2376 5558 2294 5499 2294 5408 2242 5410 2200 5369 2141 5362 2163 5304 2103 5283 2034 5314 2067 5408 2034 5400 1953 5442 1982 5479 1952 5509 1887 5512 1883 5545 1838 5538 1712 5586 1647 5575 1603 5677 1470 5698 1461 5665 1396 5730 1356 5718 1333 5748 1293 5725 1239 5776 1157 5784 1159 5818 1109 5824 1128 5901 1085 5922 1017 5871 961 5893 1023 6045 911 6070 876 6026 840 6061 802 6004 631 6065 642 6031 567 6000 580 6080 511 6006 549 5921 500 5860 384 5849 328 5787 444 5702 329 5696 330 5648 270 5584 171 5562 153 5498 100 5473 113 5448 170 5447 162 5408 221 5406 231 5310 157 5295 142 5263 173 5231 35 5237 0 5144 60 5138 107 5165 157 5089 327 5013 298 4986 351 4963 240 4984 225 4895 393 4740 375 4546 239 4432 270 4361 183 4339 195 4289 101 4257 145 4223 110 4141 159 4141 215 4099 324 4124 257 4068 313 4047 373 4094 455 4084 479 4117 525 4112 595 4149 579 4086 664 4112 895 4028 950 4055 1055 3970 1051 3931 902 3874 904 3831 950 3829 978 3770 1096 3761 1107 3724 1197 3681 1226 3632 1405 3581 1557 3586 1811 3449 1871 3442 1895 3385 1862 3372 1900 3314 1987 3339 2016 3409 2116 3448 2207 3435 2254 3452 2309 3525 2244 3533 2273 3570 2213 3670 2349 3717 2322 3724 2332 3777 2197 3815 2233 3861 2307 3878 2357 3838 2536 3830 2616 3752 2763 3783 2774 3745 2890 3685 2809 3653 2835 3518 2806 3457 2664 3403 2647 3336 2794 3347 2876 3264 2930 3282 3049 3251
P 2103 5283 2163 5304 2141 5362 2200 5369 2242 5410 2294 5408 2294 5499 2376 5558 2380 5596 2454 5592 2453 5645 2492 5679 2476 5708 2512 5733 2476 5806 2384 5778 2334 5818 2318 5871 2355 5918 2316 5929 2305 5963 2412 6013 2473 6142 2461 6161 2378 6149 2366 6168 2405 6196 2374 6221 2329 6193 2234 6232 2210 6276 2263 6314 2258 6362 2180 6329 2156 6387 2118 6382 2087 6426 2179 6483 2199 6531 2308 6526 2527 6452 2603 6459 2700 6546 2703 6646 2755 6687 2743 6725 2789 6794 2852 6792 2810 6850 2717 6892 2790 7026 2779 7069 2832 7171 2808 7200 2877 7211 2866 7259 2829 7274 2830 7293 2866 7273 2861 7315 2813 7351 2858 7391 2750 7467 2717 7650 2585 7818 2422 7792 2253 7706 2177 7735 2104 7696 2067 7718 1963 7719 1810 7653 1767 7562 1708 7567 1717 7542 1617 7559 1550 7462 1567 7438 1592 7447 1603 7408 1652 7402 1678 7293 1634 7303 1627 7280 1551 7268 1555 7235 1510 7213 1570 7163 1542 7121 1571 7082 1540 7078 1529 7017 1468 7043 1427 6997 1333 7001 1266 6947 1223 6973 1228 6954 1165 6957 1167 6981 1086 6990 1057 7025 1030 7012 897 7086 851 7069 804 7110 757 7079 682 7099 553 7074 537 7041 595 6985 603 6922 704 6848 683 6834 716 6740 582 6725 536 6681 481 6705 477 6667 399 6632 379 6556 348 6531 318 6553 247 6417 300 6271 347 6251 326 6190 441 6153 469 6085 600 6080 555 6005 593 5999 602 6028 642 6031 631 6065 802 6004 840 6061 876 6026 911 6070 1023 6045 961 5893 1017 5871 1085 5922 1128 5901 1109 5824 1159 5818 1157 5784 1239 5776 1293 5725 1333 5748 1356 5718 1396 5730 1461 5665 1470 5698 1603 5677 1647 5575 1712 5586 1838 5538 1883 5545 1887 5512 1952 5509 1982 5479 1953 5442 2034 5400 2067 5408 2034 5314 2103 5283
P 1272 6952 1333 7001 1427 6997 1468 7043 1529 7017 1540 7078 1571 7082 1542 7121 1570 7163 1510 7213 1555 7235 1551 7268 1627 7280 1634 7303 1678 7293 1652 7402 1603 7408 1592 7447 1567 7438 1550 7462 1559 7505 1630 7558 1627 7592 1551 7630 1499 7611 1404 7623 1338 7580 1294 7633 1268 7536 1148 7492 1057 7503 1079 7549 1050 7584 945 7567 869 7418 757 7329 794 7307 730 7263 724 7221 611 7169 527 7181 545 7074 682 7099 757 7079 804 7110 851 7069 897 7086 1030 7012 1057 7025 1086 6990 1167 6981 1165 6957 1228 6954 1223 6973 1272 6952
P 6285 2620 6345 2635 6351 2673 6412 2660 6459 2698 6526 2708 6499 2742 6518 2766 6665 2805 6720 2787 6813 2807 6827 2788 6826 2836 6901 2803 6947 2828 6972 2909 6924 2937 6909 3013 6949 3047 6954 3123 6880 3127 6892 3194 6850 3256 6897 3247 6877 3280 6910 3294 6951 3257 6989 3305 7056 3315 6994 3395 7027 3410 7006 3467 7032 3486 6963 3604 7015 3643 6961 3661 6927 3713 6992 3795 7161 3906 7221 3888 7286 3951 7372 3952 7432 3915 7556 3979 7622 3970 7627 4013 7746 4010 7758 4053 7837 4054 7829 4092 7954 4090 7927 4122 7994 4290 7960 4299 7973 4323 7819 4391 7794 4353 7727 4390 7604 4336 7544 4382 7446 4361 7392 4417 7333 4407 7227 4448 7181 4428 7161 4461 7075 4455 7015 4492 6957 4482 6910 4529 6915 4586 6856 4613 6907 4666 6905 4784 6859 4798 6922 4931 6888 4973 6927 4973 6913 5025 6959 5040 6939 5063 7010 5088 6970 5153 7021 5163 6941 5280 6897 5233 6877 5256 6799 5232 6707 5245 6708 5222 6662 5212 6676 5188 6597 5169 6559 5131 6428 5154 6325 5064 6272 5083 6227 5054 6194 5078 6110 5068 6111 4963 5994 4925 6119 4825 6060 4792 6067 4768 6035 4768 6029 4716 5976 4716 5951 4682 5866 4701 5840 4678 5755 4692 5677 4659 5586 4674 5606 4660 5560 4655 5567 4593 5528 4569 5541 4521 5483 4497 5470 4464 5476 4444 5529 4444 5516 4415 5477 4425 5444 4396 5405 4411 5398 4387 5346 4376 5273 4383 5193 4237 5134 4204 5133 4116 5219 4048 5172 4000 5219 3976 5145 3951 5125 3903 5192 3909 5225 3886 5212 3866 5258 3858 5567 3852 5573 3814 5539 3790 5650 3753 5669 3711 5617 3696 5617 3673 5695 3635 5608 3554 5641 3531 5581 3493 5661 3479 5681 3446 5525 3336 5538 3293 5606 3294 5523 3199 5571 3127 5509 3146 5412 2996 5372 3000 5340 2832 5532 2832 5586 2761 5640 2753 5945 2803 6149 2719 6163 2638 6210 2648 6292 2591 6285 2620
P 7643 4346 7649 4369 7676 4356 7675 4379 7727 4390 7794 4353 7884 4430 7924 4417 7962 4441 7954 4489 7999 4494 8024 4537 7987 4660 8020 4656 8031 4699 8089 4714 8077 4695 8110 4695 8144 4644 8209 4664 8236 4627 8364 4691 8388 4735 8441 4712 8452 4736 8524 4723 8627 4745 8837 4697 8884 4729 8955 4635 8922 4593 8985 4593 8968 4572 9040 4534 9035 4510 9180 4529 9241 4566 9302 4517 9443 4505 9489 4474 9534 4512 9593 4502 9621 4440 9674 4537 9861 4576 9919 4627 9923 4754 9989 4812 10000 4901 9964 4938 9934 5108 9853 5270 9762 5348 9746 5429 9643 5432 9645 5414 9535 5396 9578 5296 9479 5308 9517 5224 9416 5188 9415 5143 9403 5183 9357 5170 9301 5199 9252 5166 9216 5177 9188 5140 9137 5244 9305 5284 9274 5353 9189 5370 9145 5355 9099 5406 8931 5466 8818 5462 8810 5485 8753 5488 8757 5540 8720 5542 8705 5571 8530 5573 8504 5551 8453 5578 8375 5578 8350 5678 8284 5728 8186 5667 8133 5747 8048 5733 7990 5851 7813 5841 7807 5917 7752 5962 7707 5971 7590 5905 7572 5938 7516 5928 7455 5983 7425 5958 7357 5955 7249 5980 7224 6045 7129 6083 7133 6111 7083 6139 7043 6263 6994 6259 6996 6202 6941 6169 6962 6140 6898 6135 6897 6079 6816 6092 6659 6037 6668 5988 6569 5922 6615 5893 6640 5907 6628 5874 6654 5864 6611 5812 6566 5826 6553 5793 6612 5773 6613 5735 6705 5673 6728 5778 6774 5773 6781 5744 6865 5749 6855 5682 6906 5696 6914 5663 6992 5672 7054 5610 7001 5601 6976 5563 7002 5549 6950 5534 6964 5497 7016 5488 7016 5469 6977 5473 6971 5436 7081 5428 7108 5391 7178 5406 7225 5341 7399 5331 7413 5303 7364 5207 7331 5226 7273 5205 7287 5173 7254 5181 7249 5125 7210 5124 7198 5095 7146 5113 7069 5074 7010 5088 6939 5063 6959 5040 6913 5025 6927 4973 6888 4973 6922 4931 6859 4798 6905 4784 6907 4666 6856 4613 6915 4586 6903 4538 6957 4482 7015 4492 7075 4455 7161 4461 7181 4428 7227 4448 7333 4407 7392 4417 7446 4361 7544 4382 7604 4336 7643 4346
P 5671 670 5850 706 5937 840 5810 835 5826 821 5798 817 5789 841 5724 840 5698 784 5618 788 5645 807 5605 790 5614 722 5671 670
P 2777 0 2827 14 2757 8 2805 52 2708 115 2722 198 2791 230 2878 224 2776 269 2721 233 2660 234 2653 254 2685 248 2649 264 2648 404 2647 189 2777 0
P 2894 223 2963 219 3017 184 3119 207 3208 180 3250 210 3386 200 3464 241 3658 258 3721 327 3790 325 3859 277 3888 344 3920 300 4082 232 4071 289 4277 333 4333 386 4401 376 4403 333 4455 355 4542 493 4485 456 4436 493 4431 551 4403 542 4297 613 4253 611 4190 690 4103 696 4097 675 4008 703 4043 714 4039 747 4046 713 4094 700 4193 726 4177 696 4230 655 4436 556 4447 492 4541 497 4534 650 4466 711 4330 757 4360 782 4643 734 4721 771 4688 799 4713 856 4665 883 4648 957 4705 936 4698 893 4753 826 4851 797 5162 891 5273 965 5364 957 5517 867 5619 868 5576 870 5623 885 5734 855 5680 914 5659 902 5697 1103 5463 1243 5382 1234 5323 1294 5362 1361 5462 1375 5472 1455 5555 1471 5487 1484 5459 1450 5342 1510 5316 1562 5343 1600 5330 1676 5537 1771 5511 1889 5450 1911 5402 1896 5403 1977 5275 2016 5262 2045 5201 2044 5156 2161 4852 2073 4871 2049 4837 2054 4743 1960 4687 1955 4678 1884 4734 1879 4718 1841 4753 1827 4660 1756 4721 1704 4699 1680 4638 1714 4595 1704 4583 1757 4506 1752 4493 1795 4402 1791 4313 1877 4242 1820 4202 1910 4148 1902 4010 1839 3966 1741 3869 1682 3727 1525 3469 1487 3386 1495 3311 1442 3216 1326 3280 1297 3374 1312 3397 1278 3334 1188 3259 1199 3203 1132 3234 1033 3307 1023 3360 955 3262 1012 3242 986 3245 1019 3220 982 3026 1007 2954 959 2982 897 3018 920 3070 898 2983 881 2986 860 3202 827 3267 838 3439 749 3393 688 3313 763 3202 753 3200 717 3273 679 3293 596 3281 578 3209 590 3240 567 3219 527 3072 420 3078 368 2982 276 2983 239 2894 223
P 3099 468 3096 494 3065 493 3099 468
P 3077 641 3093 666 3055 722 3002 729 2968 672 3077 641
P 3046 507 3030 535 2899 552 3046 507
P 2911 386 2971 433 2940 484 2755 451 2782 402 2911 386
P 2923 613 2947 639 2877 620 2923 613
P 2842 745 2896 800 2856 827 2813 776 2842 745
P 2843 655 2873 675 2837 720 2843 655
P 2849 606 2869 640 2819 639 2849 606
P 2711 443 2692 472 2762 553 2717 575 2641 500 2711 443
P 5346 4381 5529 4430 5470 4464 5483 4497 5541 4521 5528 4569 5567 4593 5560 4655 5606 4660 5586 4674 5677 4659 5755 4692 5840 4678 5866 4701 5951 4682 5976 4716 6029 4716 6035 4768 6067 4768 6060 4792 6119 4825 5994 4925 6111 4963 6130 4997 6090 5025 6129 5078 6194 5078 6220 5054 6272 5083 6325 5064 6428 5154 6559 5131 6597 5169 6676 5188 6662 5212 6708 5222 6707 5245 6799 5232 6877 5256 6897 5233 6935 5280 7021 5178 7015 5154 6970 5153 7010 5088 7069 5074 7146 5113 7198 5095 7210 5124 7249 5125 7254 5181 7287 5173 7273 5205 7331 5226 7364 5207 7412 5308 7399 5331 7225 5341 7178 5406 7108 5391 7081 5428 6971 5436 6977 5473 7016 5469 7016 5488 6964 5497 6950 5534 6990 5535 6988 5591 7047 5601 7046 5629 6992 5672 6914 5663 6906 5696 6861 5677 6846 5740 6872 5744 6781 5744 6754 5778 6716 5764 6718 5683 6672 5687 6685 5702 6613 5735 6612 5773 6553 5793 6566 5826 6611 5812 6654 5869 6628 5874 6640 5907 6615 5893 6569 5922 6613 5941 6542 5975 6491 5989 6504 5975 6447 5951 6286 5995 6242 5976 6164 6014 6158 5985 6120 5981 6120 5938 6082 5952 6050 5914 6064 5833 5974 5824 5948 5867 5865 5881 5902 6024 5869 6153 5813 6120 5800 6149 5750 6125 5737 6097 5769 6073 5718 6025 5643 6054 5593 6026 5593 6054 5530 5993 5411 5993 5330 6036 5292 6031 5286 6079 5431 6145 5437 6174 5406 6193 5305 6175 5299 6237 5229 6199 5178 6209 5164 6070 5119 6065 5087 6027 5042 6041 5003 5979 4933 5989 4946 5950 4907 5936 4868 5859 4759 5835 4727 5783 4656 5797 4624 5768 4547 5831 4573 5778 4545 5705 4598 5696 4557 5624 4451 5632 4445 5685 4365 5670 4366 5627 4437 5547 4418 5514 4456 5490 4449 5438 4528 5424 4527 5381 4572 5357 4520 5309 4481 5328 4493 5290 4448 5304 4447 5276 4578 5276 4525 5233 4551 5190 4726 5206 4726 5153 4667 5139 4699 5058 4640 5029 4692 5015 4737 5058 4762 4977 4658 4924 4587 4919 4566 4852 4475 4842 4422 4732 4563 4647 4583 4671 4609 4647 4680 4657 4660 4643 4699 4638 4718 4591 4763 4605 4834 4577 4905 4520 4916 4458 4988 4454 5073 4503 5164 4469 5223 4499 5202 4414 5260 4385 5346 4381
L 3381 8429 Baden-Württemberg
L 6510 8096 Bayern
L 8198 3264 Berlin
L 8735 4005 Brandenburg
L 3164 2495 Bremen
L 4478 1923 Hamburg
L 3525 5668 Hessen
L 7551 1663 Mecklenburg-Vorpommern
L 4306 2827 Niedersachsen
L 1765 4559 Nordrhein-Westfalen
L 1398 6455 Rheinland-Pfalz
L 1174 7250 Saarland
L 6272 4137 Sachsen-Anhalt
L 8018 5179 Sachsen
L 4279 1319 Schleswig-Holstein
L 5470 5379 Thüringen
