A 1.0267
P 4809 7714 4571 7750 4235 7658 3891 7424 3555 6855 3507 6322 3402 6327 3285 6493 2998 6567 2584 6397 1807 6473 1668 6348 1619 6097 1519 6139 1286 6058 709 5689 743 5375 798 5293 2562 5729 3216 5746 3867 5667 3778 5544 3861 5203 3991 5287 3957 5112 4266 5103 4490 5297 4673 5058 4977 5315 5240 5137 5580 5033 5686 5223 5765 5160 6696 4996 7231 5182 7212 5358 7028 5617 7097 5698 7133 5895 7086 5922 7227 5842 7370 5867 7367 5945 7274 6057 7262 6285 7160 6392 6823 6185 6591 6383 6393 6202 6040 6634 5690 6231 5617 6235 5764 6628 5701 6636 5668 6950 5511 6759 5398 7054 5405 7309 5552 7603 5645 8080 5862 8292 5647 8220 5158 7754 4809 7714
P 2183 5652 798 5293 743 5375 0 5279 99 4737 208 4688 74 4556 260 4368 230 4102 306 3937 425 3971 489 3729 394 3672 502 3343 565 3253 670 3247 691 3137 679 3583 1026 3798 1112 3749 1157 3818 1001 3933 1028 4012 1440 4441 1586 4508 1789 4406 1840 4193 2146 4067 2337 3664 2869 4127 2891 4406 2987 4447 2984 4342 3098 4325 3175 4607 3371 4826 3561 4863 3593 4930 3611 4871 3871 5118 4031 4998 4146 5090 3957 5112 3991 5287 3861 5203 3778 5544 3867 5667 3140 5747 2183 5652
P 3611 4871 3593 4930 3561 4863 3371 4826 3175 4607 3098 4325 2984 4342 2987 4447 2891 4406 2869 4127 2337 3664 2673 3385 2619 3324 2650 3258 2794 3144 2846 2885 2951 2837 2968 2526 3102 2456 3615 2513 3955 2637 4130 2601 4289 2914 4178 3240 3807 3627 3997 3554 3952 3872 4108 4097 4106 4216 3991 4314 4030 4514 4134 4667 4292 4501 4452 4502 4673 5058 4490 5297 4031 4998 3871 5118 3611 4871
P 4775 5147 4673 5058 4452 4502 4292 4501 4134 4667 4047 4540 3991 4314 4106 4216 4108 4097 3952 3872 3997 3554 3854 3631 3801 3590 4185 3226 4289 2914 4136 2605 4324 2622 4316 2442 4393 2278 4363 2034 4492 1718 5265 1668 5139 1860 5149 2482 4876 2912 5076 2958 5208 3122 5483 2940 5562 3224 5830 3135 5966 3274 5782 3498 5574 3454 5480 3553 5371 3497 5269 3708 5263 3847 5480 4008 5511 4230 5800 4359 5744 4541 5069 5019 5169 5183 4995 5312 4775 5147
P 7842 4039 7757 4176 7916 4513 7868 4567 7825 4494 7679 4469 7312 4562 7254 4461 7096 4690 7017 5083 6642 5000 5765 5160 5686 5223 5580 5033 5169 5184 5069 5019 5693 4606 5803 4367 5512 4231 5480 4008 5263 3847 5371 3497 5480 3553 5574 3454 5782 3498 5966 3267 5845 3211 5830 3135 5562 3224 5483 2940 5208 3122 5076 2958 4877 2914 5149 2482 5139 1860 5265 1668 5400 1793 5698 1740 5655 1554 5549 1485 5641 1465 5707 1249 5837 1161 5862 1032 5700 966 5760 863 5698 828 5826 747 5912 552 6116 584 6249 705 6417 731 6480 678 6570 763 6678 557 7250 178 7303 0 7668 242 7789 245 7756 486 7585 887 7429 785 7170 1014 7228 1121 7205 1428 7098 1537 7087 1652 6975 1733 6886 1715 6925 1829 7125 1840 7136 1931 7243 1978 7141 1955 7152 2018 7438 2054 7485 2211 7622 2207 7678 2406 7826 2458 7876 2692 7721 2934 8264 3072 8167 3141 8189 3290 8081 3381 7988 3358 7993 3425 7708 3669 7815 3835 7842 4039
P 8005 9926 7525 9958 7310 9871 6840 9219 6334 9054 6091 8561 5665 8116 5392 7138 5511 6759 5668 6950 5723 6807 5701 6636 5762 6606 5638 6381 5645 6214 6040 6634 6396 6202 6591 6383 6823 6185 7126 6399 7263 6285 7691 6618 7899 6541 8070 6374 8205 6728 8296 6787 8202 6974 8266 7057 8514 7059 8475 7233 8543 7459 8774 7613 8902 7621 8903 7696 8977 7675 8985 7852 9103 7921 9060 7995 9559 8385 9478 8457 9567 8598 9738 8605 9781 8339 10000 8409 9818 8703 9897 8761 9875 8830 9707 8848 9355 9122 8895 9329 8561 9946 8375 10000 8005 9926
P 4996 8787 5025 8831 4827 9020 4691 8999 4547 9143 4466 9104 4413 9285 4340 9259 4255 9431 4139 9455 4130 9220 4052 9245 3868 9084 3591 9000 3643 9075 3562 9245 3357 9232 3131 9445 3038 9448 2967 9393 3128 9136 3090 8984 3239 8800 3138 8628 3143 8504 2834 8172 2857 8286 2757 8236 2406 8631 2332 8562 2299 8691 2220 8694 2183 8802 2261 8968 2213 8996 1788 8377 1394 8041 1300 8034 1276 7899 1171 7840 1220 7131 871 7175 916 6952 562 6714 688 6318 860 6410 804 6224 746 6233 668 6095 596 5759 709 5689 1286 6058 1519 6139 1619 6097 1668 6348 1883 6497 2307 6392 2584 6397 2998 6567 3285 6493 3402 6327 3507 6322 3555 6855 3918 7450 4164 7628 4536 7744 5054 7706 5402 8000 5240 8213 5227 8358 5361 8408 5296 8509 5126 8493 5077 8575 4908 8475 4779 8634 4996 8787
L 4539 6438 Hamburg-Mitte
L 2332 4899 Altona
L 3213 3628 Eimsbüttel
L 4640 3672 Hamburg-Nord
L 6867 3330 Wandsbek
L 7235 7902 Bergedorf
L 2196 7431 Harburg
M 6813 4986 Unsere Schule
