A 2.5869
P 10000 7158 10000 7193 9965 7226 9961 7199 10000 7158
P 9948 7262 9955 7250 9964 7271 9960 7308 9943 7318 9927 7309 9925 7277 9935 7253 9948 7262
P 6 7155 0 7193 0 7158 6 7155
P 5942 6072 6047 6226 6049 6268 6089 6340 6076 6428 6078 6469 6096 6495 6089 6614 6110 6729 6120 6745 6098 6787 6014 6846 5981 6826 5960 6832 5952 6734 5937 6680 5910 6667 5854 6603 5839 6513 5823 6472 5815 6327 5826 6324 5854 6245 5846 6177 5854 6168 5856 6126 5845 6085 5942 6072
P 4759 4016 4759 4144 4668 4140 4668 4324 4642 4331 4636 4367 4641 4471 4532 4471 4526 4495 4527 4464 4590 4459 4605 4401 4614 4301 4653 4224 4666 4133 4674 4128 4684 4072 4730 4074 4739 4057 4756 4055 4755 4016 4759 4016
P 1588 2483 1510 2381 1460 2351 1445 2288 1449 2243 1413 2213 1408 2155 1375 2103 1374 2066 1389 2031 1389 1986 1341 1940 1296 1806 1252 1745 1237 1707 1182 1771 1138 1692 1111 1672 1083 1670 1084 994 1208 1053 1266 1000 1308 1009 1395 960 1414 989 1434 973 1441 939 1460 947 1507 1011 1544 962 1548 1017 1582 1005 1592 984 1626 988 1733 1045 1799 1052 1836 1089 1797 1124 1847 1140 1946 1119 1976 1162 2006 1125 1977 1095 1995 1070 2051 1060 2102 1116 2133 1110 2182 1143 2265 1133 2262 1088 2287 1076 2330 1100 2330 1168 2348 1111 2370 1113 2382 1041 2320 967 2322 888 2355 836 2392 847 2420 879 2458 960 2433 995 2485 1010 2485 1083 2522 1027 2555 1073 2547 1126 2574 1175 2603 1123 2623 1061 2624 982 2705 998 2742 1034 2744 1070 2723 1108 2743 1146 2739 1181 2685 1231 2646 1243 2618 1221 2574 1349 2542 1398 2502 1402 2480 1433 2479 1479 2446 1488 2412 1547 2382 1628 2371 1684 2370 1768 2411 1780 2436 1902 2475 1887 2527 1918 2574 1980 2639 2030 2715 2041 2710 2103 2719 2175 2739 2256 2780 2324 2802 2301 2817 2227 2802 2113 2783 2075 2827 2042 2858 1991 2874 1941 2872 1893 2853 1832 2819 1778 2852 1703 2840 1638 2830 1526 2850 1509 2926 1535 2949 1517 3009 1583 3017 1611 3067 1616 3066 1676 3075 1767 3101 1778 3121 1821 3161 1781 3188 1702 3206 1668 3295 1910 3283 1955 3345 2037 3390 2055 3407 2078 3418 2139 3440 2149 3451 2176 3453 2257 3413 2309 3367 2334 3332 2393 3285 2405 3226 2390 3156 2394 3132 2446 3097 2478 3025 2639 3048 2627 3093 2533 3151 2473 3193 2466 3217 2501 3191 2549 3209 2681 3245 2717 3291 2707 3319 2626 3321 2678 3339 2704 3304 2751 3215 2823 3184 2875 3163 2869 3162 2809 3210 2749 3135 2760 3117 2720 3117 2622 3105 2601 3086 2613 3077 2594 3056 2648 3037 2737 3017 2752 3014 2770 2920 2770 2875 2841 2866 2869 2813 2869 2801 2880 2807 2924 2771 2959 2742 2971 2710 3009 2691 2987 2718 2873 2707 2745 2678 2711 2681 2699 2670 2690 2663 2661 2650 2667 2642 2634 2545 2533 2520 2553 2477 2535 2454 2544 2380 2506 2371 2494 2366 2455 2357 2455 2357 2483 1588 2483
P 2667 1516 2687 1483 2726 1483 2725 1497 2693 1537 2673 1535 2667 1516
P 2784 772 2753 734 2755 708 2768 703 2832 711 2879 751 2882 771 2784 772
P 2769 1542 2780 1521 2798 1537 2787 1575 2775 1569 2769 1542
P 2400 616 2385 644 2311 620 2325 587 2365 568 2400 616
P 2393 433 2329 431 2321 411 2377 412 2397 425 2393 433
P 2312 344 2346 369 2338 395 2297 409 2274 393 2262 366 2260 336 2312 344
P 2551 658 2433 626 2420 551 2392 520 2334 511 2302 488 2313 459 2370 464 2401 487 2455 487 2479 510 2473 537 2523 570 2601 580 2645 564 2746 563 2776 590 2782 620 2765 639 2724 654 2688 646 2551 658
P 1909 388 1948 399 1939 421 1887 441 1846 418 1869 395 1909 388
P 1918 341 1954 355 1874 369 1874 359 1903 338 1918 341
P 3456 2316 3422 2424 3440 2400 3459 2415 3449 2440 3474 2460 3487 2443 3515 2465 3506 2517 3525 2505 3538 2588 3526 2651 3495 2640 3501 2581 3493 2572 3461 2635 3445 2632 3464 2598 3437 2581 3354 2583 3349 2562 3367 2536 3355 2517 3378 2474 3407 2359 3424 2318 3448 2294 3461 2297 3456 2316
P 2670 1325 2732 1372 2735 1406 2755 1401 2775 1424 2750 1447 2707 1430 2691 1397 2624 1473 2615 1431 2577 1438 2601 1402 2614 1280 2634 1286 2640 1317 2654 1306 2670 1325
P 2812 805 2838 776 2938 847 2942 878 2993 862 3022 908 3089 936 3113 965 3140 1032 3089 1066 3154 1113 3198 1128 3238 1194 3282 1199 3273 1250 3224 1333 3190 1302 3147 1233 3111 1242 3107 1283 3186 1377 3204 1448 3194 1500 3089 1423 3158 1528 3162 1553 3087 1525 3027 1483 2993 1448 3003 1428 2921 1356 2922 1377 2841 1388 2818 1364 2836 1311 2946 1300 2936 1275 2946 1239 2982 1169 2964 1112 2921 1077 2865 1053 2883 1035 2853 990 2829 986 2807 962 2792 983 2742 992 2537 944 2514 919 2543 886 2503 886 2494 813 2516 749 2544 719 2616 700 2595 747 2617 792 2643 734 2713 704 2761 778 2757 825 2812 805
P 2375 676 2486 696 2444 760 2411 774 2381 828 2350 825 2332 762 2333 727 2347 696 2375 676
P 1587 534 1692 434 1772 424 1768 479 1747 504 1625 550 1587 534
P 1314 2120 1340 2115 1332 2196 1356 2254 1345 2254 1304 2166 1301 2111 1314 2120
P 2070 305 2199 341 2231 405 2140 374 2078 371 2105 350 2072 333 2070 305
P 1569 2518 1555 2528 1510 2495 1501 2470 1476 2445 1471 2424 1443 2411 1432 2372 1434 2355 1507 2390 1530 2449 1558 2478 1569 2518
P 1624 654 1735 673 1791 724 1688 793 1654 843 1654 874 1581 909 1566 877 1502 839 1557 709 1530 665 1624 654
P 2005 554 2059 545 2064 580 2047 614 1953 625 1883 656 1840 658 1837 634 1895 603 1769 611 1730 598 1768 528 1794 508 1872 532 1922 575 1970 580 1931 512 1956 485 1985 494 2005 554
P 2041 753 2072 782 2098 902 2195 972 2192 1003 2146 1009 2164 1037 2155 1063 2057 1033 1972 1061 1852 1079 1837 1045 1799 1025 1775 1033 1741 976 1877 947 1824 931 1725 935 1710 908 1775 880 1732 881 1683 862 1726 779 1800 735 1829 749 1815 783 1877 761 1915 798 1947 761 1972 784 1995 855 2009 825 1989 752 2013 741 2041 753
P 2210 779 2179 732 2212 697 2245 713 2295 703 2302 724 2276 759 2318 790 2313 854 2268 882 2241 876 2222 849 2153 793 2153 770 2210 779
P 2039 715 2076 712 2097 728 2073 775 2029 725 2039 715
P 2264 491 2285 524 2286 561 2273 614 2228 622 2198 610 2198 568 2153 574 2151 518 2181 521 2223 496 2262 500 2264 491
P 2333 212 2352 190 2381 185 2368 168 2433 165 2469 203 2561 232 2583 279 2616 303 2578 324 2527 378 2420 374 2390 345 2391 319 2413 300 2362 300 2331 276 2314 244 2333 212
P 2456 119 2584 91 2625 64 2659 68 2689 88 2711 50 2797 30 2897 35 2977 23 3171 37 3282 66 3281 85 3121 147 3181 147 3070 211 3023 269 2948 296 2864 304 2902 313 2883 326 2906 361 2836 406 2823 434 2784 456 2788 472 2836 469 2836 487 2762 530 2690 510 2608 521 2514 509 2511 474 2562 458 2548 406 2565 401 2640 432 2602 386 2557 372 2579 344 2628 327 2636 302 2597 274 2585 237 2683 248 2726 222 2567 218 2518 194 2462 143 2456 119
P 2911 1157 2893 1179 2861 1182 2855 1147 2866 1107 2892 1097 2913 1117 2911 1157
P 2326 1010 2343 1038 2326 1063 2288 1041 2266 1049 2228 1017 2272 963 2326 1010
P 3208 2420 3254 2432 3282 2462 3283 2475 3234 2454 3208 2420
P 3222 2624 3232 2659 3277 2666 3264 2696 3253 2701 3218 2670 3211 2646 3222 2624
P 1588 2483 2357 2483 2357 2455 2366 2455 2371 2494 2380 2506 2454 2544 2477 2535 2520 2553 2545 2533 2642 2634 2650 2667 2663 2661 2670 2690 2681 2699 2678 2711 2707 2745 2718 2873 2691 2980 2703 3009 2807 2924 2801 2880 2813 2869 2866 2869 2875 2841 2920 2770 3014 2770 3017 2752 3037 2737 3056 2648 3077 2594 3086 2613 3105 2601 3117 2622 3117 2720 3140 2784 3052 2865 3033 2924 3033 2962 3042 3000 3053 3001 3050 2975 3059 2991 3057 3012 2976 3042 2953 3062 2993 3049 3002 3063 2963 3084 2945 3084 2946 3075 2937 3095 2945 3099 2939 3150 2919 3206 2917 3187 2902 3165 2915 3217 2915 3244 2891 3329 2897 3278 2882 3250 2879 3190 2874 3222 2880 3267 2861 3256 2881 3279 2882 3347 2890 3352 2896 3449 2879 3502 2850 3524 2832 3566 2818 3571 2804 3597 2800 3621 2769 3668 2741 3744 2736 3796 2741 3845 2763 3958 2776 4072 2774 4149 2767 4192 2759 4202 2745 4193 2741 4161 2730 4145 2698 4000 2704 3952 2675 3853 2664 3842 2636 3874 2600 3819 2544 3820 2511 3836 2522 3899 2516 3908 2506 3898 2496 3911 2476 3909 2455 3871 2431 3880 2410 3864 2370 3885 2302 4004 2295 4036 2295 4086 2302 4145 2291 4147 2249 4109 2236 4025 2196 3892 2176 3864 2153 3865 2136 3922 2113 3900 2098 3879 2082 3802 2041 3722 1993 3722 1993 3752 1916 3752 1811 3667 1813 3652 1746 3666 1742 3629 1724 3588 1711 3579 1708 3559 1649 3517 1646 3477 1619 3405 1596 3305 1597 3289 1563 3205 1559 3146 1544 3107 1551 3047 1550 2986 1541 2931 1552 2863 1558 2732 1553 2636 1536 2541 1540 2527 1580 2552 1595 2619 1602 2601 1588 2483
P 683 4561 700 4602 675 4644 668 4634 665 4588 671 4547 683 4561
P 667 4512 655 4525 647 4500 667 4512
P 610 4443 619 4476 608 4472 603 4453 610 4443
P 573 4407 570 4431 561 4418 573 4407
P 376 1665 398 1671 401 1699 384 1710 348 1677 376 1665
P 744 1838 762 1843 774 1865 722 1927 708 1908 704 1875 744 1838
P 1084 994 1083 1670 1111 1672 1138 1692 1182 1771 1237 1707 1252 1745 1296 1806 1341 1940 1389 1986 1389 2031 1374 2066 1334 2016 1326 1953 1291 1895 1276 1827 1205 1821 1172 1800 1115 1725 1040 1686 1001 1692 913 1629 883 1644 888 1694 786 1753 782 1711 794 1640 824 1618 816 1600 781 1640 762 1688 722 1739 742 1774 716 1825 658 1877 651 1909 608 1946 599 1980 567 2011 548 2005 470 2074 423 2094 418 2082 505 1987 540 1979 554 1950 592 1907 619 1867 624 1812 638 1770 606 1792 597 1779 582 1805 564 1769 556 1795 546 1759 518 1788 501 1788 498 1745 503 1719 486 1693 449 1707 407 1656 407 1615 386 1584 396 1543 419 1503 429 1466 470 1472 493 1438 513 1444 534 1422 529 1389 513 1376 534 1348 487 1365 479 1380 457 1365 418 1373 377 1355 365 1327 330 1285 431 1220 454 1220 450 1256 509 1253 486 1208 452 1181 406 1114 368 1092 383 1054 432 1052 468 1019 474 984 503 950 582 910 608 914 651 876 693 891 713 924 725 910 772 914 770 931 813 943 841 936 974 974 1011 963 1084 994
P 230 1420 314 1455 291 1478 259 1450 235 1454 228 1447 230 1420
P 7427 2467 7406 2515 7382 2522 7381 2594 7366 2626 7311 2603 7291 2731 7221 2776 7246 2901 7227 2920 7229 2961 7212 2950 7198 2924 7101 2923 7061 2892 7046 2907 7041 2950 6996 2925 6977 2935 6971 2967 6919 3030 6906 3081 6896 3082 6888 3048 6853 3045 6848 2987 6834 2986 6836 2914 6803 2862 6723 2878 6696 2813 6625 2728 6554 2770 6555 3035 6540 3039 6521 2983 6502 2962 6471 2977 6458 3001 6457 2984 6464 2954 6458 2929 6426 2904 6414 2840 6398 2822 6397 2798 6424 2805 6425 2752 6449 2741 6473 2751 6478 2681 6473 2637 6446 2640 6422 2623 6364 2670 6350 2658 6353 2621 6335 2573 6314 2575 6291 2526 6307 2472 6299 2457 6321 2378 6349 2420 6353 2367 6410 2289 6454 2287 6548 2366 6577 2336 6621 2334 6657 2372 6665 2350 6704 2353 6711 2319 6666 2270 6692 2235 6687 2215 6714 2197 6694 2147 6707 2123 6811 2098 6824 2080 6894 2054 6919 2024 6968 2039 6977 2114 7006 2096 7042 2121 7040 2160 7066 2156 7136 2088 7126 2111 7161 2166 7223 2349 7238 2311 7276 2352 7316 2334 7332 2347 7345 2388 7364 2402 7376 2433 7412 2423 7427 2467
P 6555 3035 6554 2770 6625 2728 6696 2813 6723 2878 6803 2862 6836 2914 6834 2986 6848 2987 6853 3045 6888 3048 6896 3082 6906 3081 6919 3030 6971 2967 6979 2974 6956 3020 6977 3047 6996 3029 7029 3067 6994 3119 6961 3114 6957 3094 6963 3060 6926 3077 6904 3163 6881 3160 6873 3191 6894 3208 6900 3262 6884 3335 6848 3319 6849 3275 6783 3209 6733 3126 6719 3051 6710 3038 6680 3042 6669 3027 6666 2970 6629 2932 6581 2998 6586 3034 6555 3035
P 8917 6191 9016 6281 9051 6354 9055 6397 9101 6441 9108 6479 9083 6487 9089 6535 9113 6582 9132 6658 9147 6656 9146 6687 9168 6700 9159 6713 9189 6743 9186 6764 9167 6769 9161 6751 9109 6732 9071 6646 9057 6583 9021 6552 8980 6596 8984 6649 8962 6674 8918 6659 8917 6191
P 9240 6267 9251 6290 9254 6327 9245 6346 9234 6276 9205 6222 9185 6201 9193 6183 9229 6237 9240 6267
P 9203 6423 9173 6458 9159 6458 9120 6417 9122 6395 9162 6399 9171 6363 9173 6401 9189 6396 9212 6346 9209 6303 9226 6302 9232 6314 9231 6354 9222 6397 9207 6403 9203 6423
P 9299 6388 9334 6474 9330 6494 9322 6501 9310 6473 9298 6428 9292 6373 9296 6366 9299 6388
P 8917 6191 8918 6659 8893 6600 8865 6586 8858 6606 8823 6608 8834 6550 8852 6530 8845 6452 8831 6391 8777 6330 8755 6324 8713 6258 8705 6293 8694 6299 8688 6242 8666 6206 8696 6181 8716 6182 8714 6163 8673 6163 8662 6120 8637 6107 8626 6071 8663 6054 8677 6030 8722 6060 8734 6203 8763 6246 8786 6170 8818 6126 8842 6126 8887 6177 8917 6191
P 8471 6643 8475 6679 8457 6732 8433 6748 8429 6740 8444 6671 8471 6643
P 8728 6499 8725 6445 8736 6395 8742 6416 8742 6450 8728 6499
P 8275 5706 8259 5771 8279 5839 8274 5872 8305 5939 8273 5947 8263 5996 8264 6062 8238 6111 8237 6182 8226 6292 8222 6267 8191 6299 8180 6255 8160 6251 8146 6228 8113 6254 8103 6219 8062 6215 8058 6118 8044 6098 8030 6037 8026 5974 8030 5907 8046 5860 8051 5908 8070 5948 8088 5934 8105 5939 8122 5902 8135 5896 8161 5916 8184 5901 8198 5801 8209 5776 8218 5694 8275 5706
P 8594 6205 8624 6226 8634 6281 8611 6251 8553 6248 8559 6208 8594 6205
P 8524 6276 8505 6263 8500 6232 8528 6229 8535 6252 8524 6276
P 8554 5848 8556 5887 8572 5893 8575 5922 8573 5985 8559 5978 8555 6022 8566 6060 8558 6068 8547 6023 8539 5931 8544 5874 8554 5848
P 8415 5941 8447 5938 8474 5886 8479 5902 8457 5973 8436 5987 8409 5973 8338 5987 8334 6041 8359 6105 8374 6072 8426 6048 8424 6081 8412 6071 8400 6113 8375 6141 8402 6233 8396 6257 8421 6340 8421 6388 8406 6409 8395 6383 8409 6325 8382 6352 8375 6332 8378 6305 8358 6263 8360 6193 8342 6214 8345 6401 8328 6411 8316 6390 8324 6324 8319 6255 8308 6254 8299 6205 8311 6158 8328 5993 8334 5963 8358 5910 8380 5931 8415 5941
P 8342 6741 8305 6691 8331 6676 8355 6720 8353 6740 8342 6741
P 8371 6617 8414 6585 8410 6625 8368 6646 8331 6637 8331 6611 8353 6596 8371 6617
P 8285 6605 8302 6599 8309 6629 8243 6653 8252 6611 8268 6611 8275 6586 8285 6605
P 8014 6465 8017 6491 8071 6498 8077 6468 8128 6503 8138 6549 8180 6563 8214 6605 8182 6633 8152 6604 8098 6600 8040 6560 8008 6562 7957 6532 7952 6501 7927 6496 7946 6427 7980 6432 8014 6465
P 7899 6082 7914 6172 7934 6178 7947 6224 7940 6313 7939 6424 7909 6426 7885 6366 7850 6307 7817 6205 7782 6051 7757 5991 7739 5873 7714 5827 7699 5766 7649 5647 7647 5610 7708 5627 7796 5853 7824 5854 7847 5903 7863 5963 7884 5996 7873 6055 7899 6082
P 3093 9786 3118 9873 3154 9917 3193 9934 3181 9970 3154 9974 3140 9949 3094 9947 3093 9786
P 3399 8175 3385 8306 3385 8378 3379 8394 3375 8478 3410 8540 3407 8589 3424 8620 3423 8655 3396 8748 3355 8786 3299 8801 3268 8794 3274 8837 3269 8891 3274 8927 3257 8952 3229 8962 3202 8936 3191 8955 3195 9026 3214 9048 3229 9025 3237 9062 3212 9085 3189 9129 3179 9240 3153 9240 3131 9277 3123 9331 3150 9384 3177 9398 3167 9463 3134 9503 3116 9587 3091 9616 3079 9649 3088 9724 3107 9766 3002 9741 2991 9699 2991 9645 2973 9650 2963 9624 2961 9548 2982 9516 2991 9471 2988 9434 3002 9373 3012 9278 3009 9236 3022 9222 3019 9195 3006 9180 3015 9150 3002 9123 2996 9040 3007 9026 3002 8938 3016 8800 3033 8774 3024 8704 3024 8638 3045 8591 3045 8531 3061 8461 3061 8395 3053 8382 3041 8258 3058 8184 3055 8114 3065 8049 3083 7981 3103 7937 3095 7909 3100 7885 3100 7766 3130 7730 3139 7656 3136 7638 3159 7573 3195 7590 3212 7642 3223 7584 3254 7587 3310 7720 3333 7731 3395 7812 3399 7844 3372 7953 3431 7983 3453 7972 3478 7917 3483 7853 3496 7840 3510 7881 3510 7938 3468 8007 3399 8175
P 3093 9786 3094 9947 3140 9949 3131 9978 3107 10000 3028 9960 2964 9881 2926 9801 3025 9890 3039 9857 3048 9807 3074 9778 3093 9786
P 3067 7267 3081 7316 3084 7368 3099 7398 3090 7468 3116 7647 3136 7638 3139 7656 3130 7730 3100 7766 3100 7885 3095 7909 3103 7937 3083 7981 3065 8049 3055 8114 3058 8184 3041 8258 3053 8382 3061 8395 3061 8461 3045 8531 3045 8591 3024 8638 3024 8704 3033 8774 3016 8800 3002 8938 3007 9026 2996 9040 3002 9123 3015 9150 3006 9180 3019 9195 3022 9222 3009 9236 3012 9278 3002 9373 2988 9434 2991 9471 2982 9516 2961 9548 2963 9624 2973 9650 2991 9645 2991 9699 3002 9741 3095 9762 3071 9761 3032 9805 3028 9872 3016 9874 2985 9851 2918 9759 2909 9714 2917 9672 2903 9624 2900 9501 2912 9432 2941 9377 2899 9356 2925 9292 2935 9173 2966 9198 2980 9049 2961 9030 2953 9120 2935 9110 2953 8874 2966 8825 2956 8674 2968 8671 3016 8333 3009 8226 3017 8166 3014 8078 3030 7990 3053 7541 3045 7322 3059 7304 3067 7267
P 5815 6327 5823 6472 5839 6513 5854 6603 5843 6596 5798 6616 5790 6662 5796 6694 5788 6851 5815 6892 5823 6879 5825 6956 5804 6956 5782 6886 5761 6876 5755 6838 5738 6861 5715 6851 5706 6818 5675 6813 5674 6791 5652 6785 5615 6800 5617 6715 5608 6688 5610 6601 5604 6528 5570 6528 5572 6502 5558 6503 5557 6515 5539 6518 5528 6578 5513 6568 5485 6584 5468 6523 5454 6426 5372 6425 5342 6442 5338 6420 5345 6412 5351 6362 5361 6347 5368 6355 5378 6327 5393 6328 5395 6348 5405 6361 5445 6258 5444 6199 5456 6129 5487 6057 5490 6034 5497 5879 5511 5795 5515 5702 5541 5642 5581 5693 5622 5714 5634 5665 5647 5673 5678 5637 5698 5650 5702 5632 5713 5626 5760 5628 5777 5687 5790 5696 5825 5673 5832 5704 5856 5752 5855 5836 5866 5845 5846 5890 5830 5961 5822 6100 5814 6120 5806 6208 5813 6240 5815 6327
P 6155 6125 6139 6065 6138 5804 6170 5700 6188 5698 6213 5648 6249 5644 6359 5325 6360 5184 6420 5140 6418 5239 6404 5343 6350 5620 6293 5799 6198 5983 6155 6125
P 6089 6340 6049 6268 6047 6226 5942 6072 5941 5996 5973 5867 5958 5748 5945 5698 5981 5608 5995 5620 5995 5661 6004 5684 6024 5684 6059 5745 6099 5758 6107 5728 6132 5698 6144 5722 6163 5722 6138 5804 6139 6065 6155 6125 6136 6153 6129 6183 6118 6189 6100 6316 6089 6340
P 5682 5412 5652 5360 5654 5279 5638 5234 5635 5186 5625 5165 5619 5095 5609 5099 5619 5043 5616 5013 5625 4991 5620 4974 5640 4877 5664 4882 5663 4567 5694 4566 5694 4423 6024 4423 6033 4493 6027 4506 6031 4580 6041 4666 6067 4710 6053 4751 6032 4763 6024 4785 6009 4939 6012 4967 6008 5029 5996 5100 5979 5136 5965 5220 5952 5240 5943 5315 5944 5380 5937 5262 5922 5233 5919 5182 5922 5129 5910 5124 5908 5140 5891 5143 5898 5164 5900 5208 5871 5299 5857 5306 5833 5264 5823 5279 5820 5300 5806 5314 5805 5328 5777 5328 5773 5314 5753 5311 5743 5323 5735 5317 5716 5256 5696 5266 5682 5363 5664 5384 5682 5412
P 5662 4597 5664 4882 5640 4877 5620 4974 5625 4991 5616 5013 5619 5043 5609 5099 5619 5095 5625 5165 5635 5186 5635 5203 5618 5215 5603 5244 5583 5323 5557 5356 5523 5358 5525 5384 5499 5437 5464 5464 5453 5447 5447 5465 5424 5470 5429 5451 5416 5372 5404 5359 5388 5318 5394 5284 5430 5286 5415 5221 5414 5126 5403 5080 5405 5046 5388 5044 5388 4998 5376 4971 5388 4877 5424 4809 5425 4715 5442 4539 5419 4473 5413 4361 5441 4322 5662 4597
P 3008 4587 3008 4654 3002 4666 3009 4688 3008 4707 2960 4695 2947 4708 2932 4686 2934 4663 2981 4678 2991 4662 2978 4631 2978 4604 2961 4592 2967 4573 3008 4587
P 3008 4707 3009 4688 3002 4666 3008 4654 3011 4575 3057 4592 3062 4617 3077 4616 3076 4637 3089 4640 3102 4666 3092 4696 3079 4680 3057 4680 3041 4697 3037 4680 3028 4690 3017 4739 3010 4728 3008 4707
P 9965 895 10000 865 10000 914 9970 917 9965 895
P 6364 2670 6351 2712 6324 2724 6297 2798 6322 2866 6319 2915 6350 2999 6328 3047 6316 3042 6297 2998 6272 2979 6263 2950 6237 2935 6220 2946 6178 2898 6113 2874 6110 2883 6074 2822 6043 2795 6019 2753 6039 2741 6062 2681 6046 2653 6087 2623 6087 2607 6062 2619 6063 2587 6077 2567 6104 2562 6108 2538 6102 2498 6113 2461 6113 2439 6056 2417 6039 2383 6017 2395 5982 2369 5973 2324 5951 2321 5948 2298 5955 2284 5938 2243 5883 2260 5870 2190 5897 2186 5908 2170 5900 2151 5881 2138 5883 2125 5854 2065 5860 2046 5858 2012 5830 1995 5816 2003 5812 1986 5783 1968 5771 1890 5758 1874 5770 1851 5762 1784 5781 1742 5777 1730 5809 1690 5780 1656 5865 1523 5875 1486 5834 1437 5846 1390 5821 1337 5839 1275 5807 1193 5833 1139 5790 1091 5794 1041 5893 980 5938 1024 6014 1041 6119 1122 6141 1156 6142 1204 6112 1242 6066 1261 5942 1206 5922 1216 5967 1268 5971 1375 6028 1416 6032 1381 6015 1350 6033 1323 6100 1367 6123 1350 6105 1297 6169 1227 6195 1231 6221 1256 6237 1207 6214 1164 6227 1121 6207 1076 6285 1099 6301 1140 6265 1148 6266 1188 6287 1213 6330 1197 6337 1152 6492 1056 6513 1059 6486 1103 6520 1110 6540 1086 6592 1084 6633 1054 6665 1097 6697 1050 6667 1008 6682 984 6764 1006 6903 1111 6922 1073 6893 1035 6893 1020 6859 1013 6868 979 6853 900 6904 835 6922 769 6943 755 7016 774 7022 814 6996 872 7013 895 7022 946 7016 1044 7046 1088 7034 1136 6980 1238 7012 1249 7023 1223 7053 1204 7061 1169 7085 1135 7069 1094 7082 1046 7051 1040 7044 1000 7067 928 7031 870 7080 821 7074 770 7088 768 7102 808 7091 878 7121 891 7108 839 7155 811 7213 807 7264 848 7239 788 7236 711 7285 697 7412 691 7389 653 7421 606 7453 604 7507 568 7581 559 7590 539 7663 532 7686 549 7748 510 7799 512 7807 481 7833 450 7899 420 7946 444 7908 461 7971 472 7979 508 8004 490 8085 491 8148 526 8170 553 8163 591 8039 673 8114 701 8139 688 8154 734 8166 715 8210 704 8299 716 8306 749 8422 760 8424 705 8527 717 8572 755 8585 801 8568 831 8603 888 8647 917 8674 842 8718 874 8766 855 8819 877 8840 857 8885 867 8865 800 8902 769 9153 816 9176 858 9249 913 9361 900 9417 911 9440 941 9436 994 9471 1014 9508 999 9609 1012 9662 1004 9710 1067 9745 1045 9722 999 9735 967 9823 987 9881 982 9961 1017 10000 1048 10000 1334 9964 1366 9928 1361 9953 1399 9970 1459 9983 1478 9986 1508 9979 1527 9927 1511 9824 1573 9742 1668 9731 1701 9692 1651 9619 1707 9607 1681 9580 1712 9543 1702 9534 1749 9500 1818 9501 1847 9533 1864 9529 1968 9504 1971 9492 2031 9503 2062 9455 2099 9445 2181 9404 2198 9395 2271 9355 2338 9345 2289 9318 2024 9331 1924 9354 1882 9356 1848 9399 1832 9496 1668 9546 1610 9569 1509 9535 1515 9518 1574 9448 1653 9425 1565 9353 1589 9284 1710 9307 1754 9202 1780 9204 1728 9161 1717 9126 1752 9041 1740 8950 1761 8754 2071 8797 2080 8811 2125 8838 2141 8856 2105 8886 2110 8926 2189 8927 2250 8905 2322 8903 2408 8891 2522 8849 2626 8839 2676 8746 2885 8709 2927 8692 2928 8674 2893 8637 2946 8633 2970 8629 2921 8643 2919 8647 2834 8640 2772 8663 2747 8697 2760 8716 2690 8725 2611 8751 2520 8705 2541 8681 2570 8639 2570 8627 2502 8594 2451 8546 2428 8536 2358 8499 2210 8433 2162 8361 2177 8338 2213 8353 2230 8354 2270 8338 2293 8313 2369 8314 2401 8274 2446 8241 2419 8208 2425 8177 2393 8136 2444 8074 2473 8013 2462 7969 2391 7941 2382 7880 2404 7840 2374 7835 2320 7777 2293 7746 2264 7717 2338 7729 2380 7702 2430 7634 2410 7615 2376 7586 2375 7562 2353 7467 2449 7427 2467 7412 2423 7376 2433 7364 2402 7345 2388 7332 2347 7316 2334 7276 2352 7238 2311 7223 2349 7161 2166 7126 2111 7136 2088 7066 2156 7040 2160 7042 2121 7006 2096 6977 2114 6968 2039 6919 2024 6894 2054 6824 2080 6811 2098 6707 2123 6694 2147 6714 2197 6687 2215 6692 2235 6666 2270 6711 2319 6704 2353 6665 2350 6657 2372 6621 2334 6577 2336 6548 2366 6454 2287 6410 2289 6353 2367 6349 2420 6321 2378 6299 2457 6307 2472 6291 2526 6314 2575 6335 2573 6353 2621 6350 2658 6364 2670
P 7605 181 7665 165 7719 201 7783 271 7776 335 7715 344 7638 324 7592 296 7571 245 7533 230 7605 181
P 7857 307 7927 347 7919 377 7762 404 7813 310 7857 307
P 8856 533 8930 536 9030 574 9008 627 8906 625 8860 642 8805 596 8820 546 8856 533
P 9117 589 9187 608 9155 637 9110 630 9059 602 9066 579 9117 589
P 8885 731 8911 703 8946 696 8986 724 8989 743 8885 731
P 6246 213 6342 199 6348 218 6390 189 6431 205 6322 254 6292 237 6308 215 6246 213
P 5631 2100 5546 2093 5552 2061 5591 2038 5632 2062 5631 2100
P 6486 704 6553 641 6545 608 6699 524 6792 511 6839 484 6893 475 6913 503 6894 526 6711 596 6624 664 6539 803 6545 863 6598 922 6491 919 6484 887 6433 868 6429 829 6458 813 6457 774 6512 713 6486 704
P 8970 2145 8979 2214 8979 2285 9018 2484 8977 2461 8960 2564 8987 2638 8986 2688 8965 2645 8947 2701 8942 2640 8942 2493 8948 2438 8949 2342 8933 2272 8936 2174 8961 2140 8950 2107 8963 2097 8970 2145
P 141 1174 138 1219 157 1237 151 1185 226 1195 281 1263 253 1294 207 1301 207 1372 196 1387 170 1384 112 1338 105 1307 77 1296 46 1305 30 1280 36 1253 3 1270 16 1304 0 1334 0 1048 141 1174
P 36 909 0 914 0 865 27 862 67 882 36 909
P 5929 2700 5936 2682 5965 2701 5986 2741 6015 2736 6009 2762 5979 2774 5941 2816 5926 2801 5932 2768 5902 2747 5933 2709 5929 2700
P 2806 4079 2838 4075 2838 4094 2808 4105 2806 4079
P 2839 4061 2861 4093 2856 4144 2851 4135 2852 4097 2839 4061
P 2828 4192 2836 4195 2846 4255 2846 4296 2839 4300 2832 4259 2822 4238 2828 4192
P 3300 9730 3333 9687 3357 9705 3374 9676 3396 9708 3388 9733 3350 9755 3338 9730 3314 9762 3300 9730
P 5421 278 5431 254 5472 251 5598 330 5529 358 5513 411 5489 425 5476 484 5442 487 5382 443 5407 418 5366 397 5312 336 5290 280 5366 254 5381 279 5421 278
P 5864 1005 5794 1041 5806 990 5770 962 5727 986 5714 1039 5687 1071 5657 1053 5621 1057 5590 1019 5556 1041 5552 1088 5500 1077 5492 1117 5466 1116 5377 1348 5387 1373 5377 1401 5349 1400 5331 1467 5333 1563 5351 1599 5342 1684 5306 1774 5288 1730 5233 1813 5196 1830 5157 1794 5147 1716 5139 1551 5164 1504 5238 1444 5292 1370 5410 1131 5533 987 5594 955 5640 959 5682 900 5733 903 5782 888 5869 941 5833 960 5864 1005
P 5761 251 5720 290 5640 298 5558 286 5553 266 5513 265 5482 232 5568 212 5609 229 5637 208 5761 251
P 5687 409 5625 439 5576 422 5595 403 5578 380 5636 366 5647 393 5687 409
P 3701 66 3794 23 3892 27 3927 0 4247 2 4421 59 4370 87 4114 97 4128 110 4226 102 4310 127 4364 105 4387 130 4356 172 4562 118 4645 132 4661 162 4532 230 4443 242 4507 246 4453 345 4454 425 4487 472 4443 475 4398 497 4449 535 4456 596 4426 603 4462 665 4400 670 4432 699 4423 725 4345 736 4380 785 4381 817 4326 787 4311 806 4349 824 4385 868 4396 926 4346 940 4290 871 4300 920 4268 957 4379 964 4229 1084 4117 1109 4089 1136 4050 1212 3990 1263 3894 1300 3870 1344 3870 1395 3856 1442 3811 1499 3822 1556 3795 1685 3756 1690 3715 1631 3659 1631 3632 1591 3614 1521 3566 1432 3552 1385 3548 1320 3509 1254 3519 1201 3501 1176 3528 1092 3570 1065 3581 1035 3587 979 3515 1025 3481 1002 3479 953 3490 915 3572 933 3500 862 3472 873 3449 855 3480 788 3408 635 3372 607 3373 577 3298 535 3097 538 3017 470 3145 444 3027 425 2964 396 2968 368 3175 299 3185 272 3110 247 3135 218 3231 168 3271 160 3260 128 3411 98 3496 97 3527 119 3600 80 3763 136 3697 97 3701 66
P 6915 9498 6933 9521 6959 9530 6960 9543 6952 9576 6910 9581 6915 9498
P 8471 6643 8475 6626 8499 6610 8527 6598 8537 6607 8475 6679 8471 6643
P 5454 8057 5467 8022 5478 8041 5483 8072 5513 8091 5528 8086 5553 8049 5553 7784 5577 7863 5574 7906 5580 7932 5600 7924 5627 7871 5634 7836 5648 7820 5673 7848 5695 7852 5713 7835 5721 7778 5736 7773 5753 7698 5778 7644 5818 7591 5866 7603 5887 7755 5884 7861 5862 7853 5852 7901 5852 7926 5869 7965 5885 7957 5891 7925 5912 7925 5895 8070 5870 8117 5835 8241 5784 8359 5763 8391 5720 8423 5716 8443 5699 8432 5685 8446 5655 8432 5627 8437 5575 8477 5558 8504 5545 8506 5533 8480 5524 8479 5512 8447 5510 8457 5507 8395 5498 8347 5507 8334 5506 8279 5454 8057
P 5805 8085 5793 8062 5780 8077 5750 8151 5771 8206 5781 8199 5786 8176 5801 8165 5815 8106 5805 8085
P 5805 8085 5815 8106 5801 8165 5786 8176 5781 8199 5771 8206 5750 8151 5780 8077 5793 8062 5805 8085
P 1746 3666 1813 3652 1811 3667 1916 3752 1993 3752 1993 3722 2041 3722 2082 3802 2098 3879 2113 3900 2136 3922 2153 3865 2176 3864 2196 3892 2236 4025 2249 4109 2291 4147 2302 4145 2286 4260 2281 4391 2300 4521 2336 4651 2366 4670 2377 4700 2461 4647 2479 4618 2492 4495 2540 4459 2582 4456 2589 4471 2588 4506 2573 4548 2566 4592 2571 4605 2560 4692 2553 4673 2542 4675 2532 4719 2527 4710 2524 4724 2472 4723 2472 4764 2460 4764 2488 4825 2487 4849 2451 4849 2438 4908 2442 4921 2438 4959 2392 4858 2370 4840 2318 4879 2199 4770 2169 4716 2125 4689 2113 4657 2084 4616 2070 4570 2063 4535 2072 4528 2069 4508 2076 4489 2076 4464 2055 4367 1989 4195 1965 4166 1960 4148 1964 4104 1934 4052 1927 4002 1912 3996 1883 3923 1857 3791 1857 3764 1812 3719 1807 3748 1815 3836 1854 3937 1857 3962 1862 3961 1868 4008 1900 4088 1925 4220 1926 4258 1940 4260 1961 4325 1944 4364 1936 4320 1884 4226 1881 4135 1848 4080 1845 4089 1820 4053 1804 4012 1817 4010 1828 3983 1829 3951 1807 3900 1791 3880 1746 3666
P 3399 8175 3417 8167 3445 8223 3456 8221 3506 8307 3522 8356 3510 8390 3517 8430 3505 8476 3474 8515 3453 8501 3438 8509 3413 8478 3394 8480 3377 8440 3399 8175
P 3517 8430 3510 8390 3522 8356 3506 8307 3456 8221 3445 8223 3417 8167 3399 8175 3468 8007 3510 7938 3510 7881 3496 7840 3483 7853 3492 7730 3482 7717 3461 7725 3450 7610 3431 7591 3420 7605 3391 7591 3392 7494 3384 7454 3393 7439 3390 7398 3403 7310 3396 7265 3381 7245 3378 7217 3382 7175 3329 7172 3318 7088 3326 7087 3319 6994 3303 6972 3286 6973 3255 6938 3245 6911 3213 6899 3183 6835 3185 6705 3149 6717 3110 6774 3104 6795 3040 6795 3042 6686 3019 6728 2995 6726 2984 6688 2966 6684 2972 6653 2956 6609 2945 6544 2952 6531 2952 6501 2969 6480 2966 6441 2975 6383 3033 6309 3059 6313 3072 6084 3067 6043 3055 6017 3055 5965 3076 5960 3077 5933 3061 5926 3061 5881 3115 5882 3124 5857 3137 5923 3142 5914 3158 5952 3179 5947 3185 5925 3217 5896 3220 5866 3240 5846 3238 5831 3215 5824 3212 5731 3200 5712 3205 5706 3247 5733 3255 5716 3306 5678 3317 5650 3313 5630 3327 5627 3334 5643 3330 5675 3340 5686 3346 5719 3338 5745 3334 5806 3343 5875 3360 5909 3374 5913 3407 5864 3445 5873 3445 5823 3470 5822 3498 5852 3506 5833 3516 5856 3529 5851 3540 5824 3565 5705 3575 5702 3597 5867 3612 5879 3613 5929 3592 5988 3600 6009 3649 6021 3650 6093 3672 6046 3753 6115 3766 6157 3762 6197 3794 6175 3848 6213 3889 6210 3931 6270 3966 6350 3987 6371 4011 6374 4021 6396 4035 6531 4024 6650 3971 6797 3933 6941 3926 6942 3918 6995 3920 7130 3909 7288 3900 7316 3896 7412 3867 7506 3863 7580 3840 7611 3834 7654 3803 7654 3760 7682 3740 7714 3709 7735 3676 7792 3653 7863 3649 7917 3653 7957 3642 8064 3623 8104 3592 8230 3548 8321 3536 8389 3517 8430
P 3069 6791 3104 6795 3110 6774 3149 6717 3185 6705 3183 6835 3213 6899 3245 6911 3255 6938 3286 6973 3303 6972 3319 6994 3326 7087 3318 7088 3329 7172 3382 7175 3378 7217 3381 7245 3396 7265 3403 7310 3390 7398 3393 7439 3384 7454 3384 7432 3358 7395 3284 7415 3270 7478 3259 7603 3254 7587 3223 7584 3212 7642 3195 7590 3159 7573 3136 7638 3116 7647 3090 7468 3099 7398 3084 7368 3081 7316 3067 7267 3084 7190 3073 7129 3079 7105 3074 7078 3085 7042 3087 6931 3093 6906 3069 6791
P 3059 6313 3033 6309 2975 6383 2966 6441 2969 6480 2952 6501 2952 6531 2945 6544 2956 6609 2972 6653 2966 6684 2984 6688 2995 6726 3019 6728 3042 6686 3040 6795 3053 6803 3069 6791 3093 6906 3087 6931 3085 7042 3074 7078 3079 7105 3073 7129 3084 7190 3059 7304 3045 7322 3017 7281 3015 7252 2960 7179 2889 7056 2877 6997 2882 6976 2784 6521 2743 6445 2752 6413 2739 6344 2747 6294 2769 6248 2773 6278 2765 6295 2765 6322 2788 6324 2800 6360 2816 6331 2821 6282 2838 6220 2871 6191 2902 6116 2910 6069 2906 6015 2914 6008 2954 6094 2970 6170 2991 6179 3006 6160 3016 6172 3033 6166 3054 6200 3036 6273 3045 6274 3059 6313
P 3142 5914 3137 5923 3124 5857 3115 5882 3061 5881 3061 5926 3077 5933 3076 5960 3055 5965 3055 6017 3067 6043 3072 6084 3059 6313 3045 6274 3036 6273 3054 6200 3033 6166 3016 6172 3006 6160 2991 6179 2970 6170 2954 6094 2914 6008 2906 6015 2881 5974 2873 5985 2849 5975 2843 5944 2810 5905 2806 5882 2816 5877 2815 5841 2821 5815 2835 5810 2858 5727 2847 5710 2853 5668 2846 5603 2852 5584 2848 5523 2837 5485 2840 5450 2849 5455 2854 5434 2848 5391 2851 5381 2866 5383 2886 5333 2898 5325 2903 5241 2919 5207 2937 5206 2939 5191 2961 5197 3007 5110 3017 5114 3024 5133 3019 5158 3001 5170 2975 5253 2964 5346 2978 5351 2988 5400 2988 5470 3001 5501 3053 5504 3073 5565 3120 5553 3129 5566 3118 5629 3116 5680 3130 5765 3116 5801 3134 5842 3142 5914
P 2851 5381 2848 5391 2854 5434 2849 5455 2840 5450 2837 5485 2821 5425 2828 5406 2802 5357 2790 5362 2784 5387 2767 5407 2764 5422 2778 5461 2753 5485 2748 5442 2745 5454 2736 5450 2730 5421 2699 5408 2699 5424 2695 5413 2702 5362 2696 5352 2696 5323 2707 5316 2717 5342 2716 5357 2730 5355 2738 5372 2780 5335 2790 5313 2805 5317 2832 5339 2851 5381
P 2707 5316 2696 5323 2696 5352 2702 5362 2695 5413 2680 5397 2675 5382 2677 5353 2649 5313 2640 5279 2641 5300 2636 5317 2621 5290 2617 5275 2621 5231 2613 5221 2623 5198 2642 5217 2657 5213 2670 5233 2676 5218 2683 5257 2707 5316
P 2676 5218 2670 5233 2648 5207 2642 5217 2623 5198 2619 5207 2565 5076 2568 5065 2572 5076 2583 5068 2591 5051 2590 5015 2602 5014 2608 4995 2617 5010 2641 4941 2654 4953 2690 4926 2687 4949 2689 4975 2680 5029 2681 5111 2671 5186 2676 5218
P 2690 4926 2654 4953 2641 4941 2617 5010 2608 4995 2602 5014 2590 5015 2591 5051 2575 5071 2570 5048 2561 5042 2563 5013 2559 5005 2542 5009 2518 4967 2524 4949 2523 4921 2558 4864 2586 4872 2611 4854 2639 4854 2656 4866 2690 4926
P 2518 4967 2542 5009 2554 5000 2563 5013 2558 5059 2532 5051 2497 5017 2518 4967
P 2438 4959 2442 4921 2438 4908 2451 4849 2487 4849 2488 4825 2460 4764 2472 4764 2472 4723 2524 4724 2521 4862 2549 4874 2523 4921 2524 4949 2518 4967 2497 5017 2466 5003 2438 4959
P 2524 4724 2527 4710 2532 4719 2542 4675 2553 4685 2546 4816 2530 4862 2521 4862 2524 4724
P 3313 5630 3317 5650 3306 5678 3255 5716 3247 5733 3205 5706 3200 5712 3212 5731 3215 5824 3238 5831 3240 5846 3220 5866 3217 5896 3185 5925 3179 5947 3158 5952 3142 5914 3134 5842 3116 5801 3130 5765 3116 5680 3118 5629 3129 5566 3120 5553 3073 5565 3053 5504 3001 5501 2988 5470 2988 5400 2978 5351 2964 5346 2975 5253 3001 5170 3019 5158 3018 5175 3001 5183 3011 5216 3010 5253 2998 5295 3008 5352 3020 5347 3027 5295 3018 5270 3017 5216 3051 5186 3047 5152 3057 5130 3067 5180 3087 5181 3105 5222 3106 5245 3160 5239 3176 5271 3197 5280 3213 5257 3213 5239 3281 5234 3257 5255 3267 5289 3289 5294 3310 5330 3315 5387 3329 5386 3340 5403 3318 5445 3316 5471 3325 5498 3301 5523 3302 5556 3294 5576 3313 5630
P 3429 5867 3407 5864 3374 5913 3360 5909 3343 5875 3334 5806 3338 5745 3346 5719 3340 5686 3330 5675 3334 5643 3327 5627 3313 5630 3294 5576 3302 5556 3301 5523 3325 5498 3316 5471 3318 5445 3340 5403 3358 5429 3375 5476 3376 5513 3387 5514 3413 5575 3408 5639 3391 5658 3388 5712 3400 5764 3409 5764 3412 5805 3429 5867
P 3485 5838 3470 5822 3445 5823 3445 5873 3429 5867 3412 5805 3409 5764 3400 5764 3388 5712 3391 5658 3408 5639 3413 5575 3446 5589 3449 5576 3471 5571 3501 5590 3487 5652 3489 5701 3500 5744 3485 5838
P 3565 5705 3540 5824 3529 5851 3516 5856 3506 5833 3498 5852 3485 5838 3500 5744 3489 5701 3487 5652 3501 5590 3531 5615 3560 5676 3565 5705
P 5172 2449 5185 2468 5225 2481 5211 2531 5207 2582 5200 2594 5187 2587 5188 2606 5168 2646 5167 2679 5181 2667 5190 2699 5189 2719 5197 2746 5187 2768 5195 2824 5210 2833 5207 2864 5181 2905 5127 2885 5086 2908 5083 2952 5051 2961 5019 2929 5009 2944 4958 2911 4947 2883 4962 2840 4967 2697 4918 2585 4875 2558 4872 2505 4908 2490 4955 2508 4946 2427 4973 2458 5037 2402 5046 2343 5070 2328 5074 2354 5087 2355 5119 2417 5133 2412 5164 2451 5172 2449
P 5243 2941 5261 2913 5266 2975 5256 3030 5244 3016 5237 2967 5243 2941
P 2906 6015 2910 6069 2902 6116 2871 6191 2838 6220 2821 6282 2816 6331 2800 6360 2788 6324 2765 6322 2765 6295 2773 6278 2769 6248 2784 6195 2778 6163 2768 6197 2751 6165 2757 6145 2752 6080 2762 6069 2777 5978 2775 5949 2810 5905 2843 5944 2849 5975 2873 5985 2881 5974 2906 6015
P 3159 4673 3178 4694 3171 4712 3134 4714 3136 4673 3159 4673
P 2845 4675 2864 4682 2879 4699 2883 4718 2855 4732 2840 4720 2824 4694 2827 4678 2845 4675
P 2715 4337 2761 4343 2787 4368 2798 4394 2824 4386 2874 4480 2900 4494 2898 4514 2919 4517 2939 4546 2936 4563 2918 4572 2840 4577 2859 4537 2847 4518 2830 4513 2820 4493 2813 4452 2798 4455 2763 4420 2727 4409 2718 4395 2728 4377 2701 4373 2681 4411 2669 4412 2665 4429 2640 4430 2673 4366 2715 4337
P 5866 7603 5818 7591 5800 7559 5778 7548 5770 7477 5758 7469 5727 7390 5702 7278 5751 7293 5791 7187 5801 7182 5804 7157 5820 7128 5841 7118 5843 7145 5866 7144 5912 7205 5907 7463 5896 7521 5866 7603
P 5818 7591 5778 7644 5753 7698 5736 7773 5721 7778 5713 7835 5695 7852 5673 7848 5648 7820 5634 7836 5627 7871 5600 7924 5580 7932 5574 7906 5577 7863 5553 7784 5553 7574 5580 7571 5581 7315 5644 7288 5655 7317 5673 7289 5702 7278 5727 7390 5758 7469 5770 7477 5778 7548 5800 7559 5818 7591
P 5553 7784 5553 8049 5528 8086 5513 8091 5483 8072 5478 8041 5467 8022 5454 8057 5433 8003 5423 7951 5400 7718 5396 7593 5371 7504 5350 7372 5328 7302 5326 7247 5356 7221 5374 7223 5391 7256 5507 7248 5527 7282 5594 7292 5668 7247 5697 7267 5655 7317 5644 7288 5581 7315 5580 7571 5553 7574 5553 7784
P 4536 5027 4524 4971 4510 4945 4523 4932 4552 4821 4566 4827 4595 4811 4627 4851 4662 4953 4669 5039 4679 5059 4680 5110 4653 5118 4633 5100 4568 5096 4537 5114 4532 5059 4557 5060 4579 5033 4603 5049 4615 5033 4610 5013 4592 5024 4581 5007 4566 5025 4536 5027
P 4680 5110 4679 5059 4669 5039 4662 4953 4671 4940 4676 4898 4704 4916 4731 4907 4735 4891 4846 4890 4852 4840 4848 4831 4821 4210 4863 4209 5051 4523 5057 4556 5087 4589 5088 4634 5119 4627 5119 4793 5103 4841 5101 4885 5038 4903 5028 4928 4993 4931 4986 4918 4970 4928 4944 4958 4914 5031 4902 5045 4889 5036 4881 5053 4877 5102 4855 5162 4856 5186 4848 5217 4850 5259 4832 5278 4828 5248 4815 5254 4810 5275 4777 5270 4768 5250 4770 5228 4761 5227 4767 5185 4746 5119 4718 5153 4693 5126 4682 5136 4680 5110
P 4526 4495 4532 4471 4641 4471 4636 4367 4642 4331 4668 4324 4668 4140 4759 4144 4759 4035 4863 4209 4821 4210 4848 4831 4852 4840 4846 4890 4735 4891 4731 4907 4704 4916 4676 4898 4671 4940 4662 4953 4627 4851 4595 4811 4566 4827 4552 4821 4543 4844 4540 4806 4548 4770 4551 4703 4545 4596 4548 4560 4526 4495
P 5075 5554 5052 5562 5045 5513 5046 5348 5041 5333 5040 5298 5021 5251 5025 5214 5035 5205 5040 5174 5054 5167 5069 5125 5079 5125 5100 5166 5105 5232 5100 5261 5103 5281 5081 5347 5076 5392 5075 5554
P 5413 4361 5419 4473 5442 4539 5425 4715 5424 4809 5388 4877 5376 4971 5388 4998 5388 5044 5405 5046 5394 5107 5389 5108 5370 5030 5363 5027 5342 5067 5305 5042 5281 5050 5265 5080 5250 5082 5217 5045 5204 5063 5189 5061 5179 5034 5151 5007 5121 5016 5114 5031 5102 5102 5100 5166 5079 5125 5069 5125 5060 5146 5060 5097 5028 5080 5028 5045 5012 4999 5010 4931 5028 4928 5038 4903 5101 4885 5103 4841 5119 4793 5119 4627 5158 4595 5238 4454 5333 4317 5377 4348 5393 4388 5413 4361
P 5075 5554 5076 5392 5081 5347 5103 5281 5100 5261 5105 5232 5099 5190 5102 5102 5121 5016 5151 5007 5179 5034 5189 5061 5204 5063 5217 5045 5250 5082 5265 5080 5281 5050 5305 5042 5342 5067 5363 5027 5370 5030 5389 5108 5405 5135 5400 5172 5377 5228 5354 5377 5339 5407 5326 5502 5307 5526 5292 5497 5281 5498 5265 5540 5256 5541 5236 5661 5186 5699 5164 5697 5140 5601 5120 5553 5075 5554
P 5403 5080 5414 5126 5415 5221 5430 5286 5394 5284 5388 5318 5404 5359 5416 5372 5429 5451 5404 5556 5402 5664 5428 5764 5441 5787 5443 5880 5398 5844 5268 5840 5272 5783 5261 5735 5249 5723 5236 5681 5243 5610 5256 5541 5265 5540 5281 5498 5292 5497 5307 5526 5326 5502 5339 5407 5354 5377 5377 5228 5400 5172 5405 5135 5394 5107 5395 5084 5403 5080
P 5025 5214 5021 5251 5040 5298 5041 5333 5046 5348 5045 5513 5052 5562 5029 5578 5016 5507 5014 5471 5020 5406 5013 5380 5010 5271 4999 5234 5001 5212 5025 5214
P 5001 5212 4999 5234 5010 5271 5013 5380 5020 5406 5014 5471 5016 5507 5029 5578 4945 5665 4921 5645 4922 5617 4910 5555 4917 5473 4929 5413 4918 5216 5001 5212
P 4777 5270 4810 5275 4815 5254 4828 5248 4832 5278 4850 5259 4880 5313 4889 5295 4902 5292 4921 5311 4929 5413 4917 5473 4910 5555 4922 5617 4921 5645 4871 5632 4838 5645 4786 5690 4790 5594 4761 5539 4767 5507 4764 5472 4766 5451 4770 5451 4769 5406 4782 5388 4769 5300 4771 5276 4777 5270
P 4619 5099 4653 5118 4680 5110 4682 5136 4693 5126 4718 5153 4746 5119 4767 5185 4761 5227 4770 5228 4768 5250 4777 5270 4771 5276 4769 5300 4782 5388 4769 5406 4770 5451 4758 5450 4752 5479 4744 5478 4739 5463 4741 5434 4729 5390 4708 5404 4705 5338 4691 5282 4669 5282 4655 5297 4632 5364 4609 5293 4595 5270 4588 5222 4580 5210 4592 5175 4618 5155 4619 5099
P 4537 5114 4568 5096 4619 5099 4618 5155 4592 5175 4580 5210 4565 5180 4553 5176 4537 5114
P 4766 5451 4767 5507 4761 5539 4790 5594 4786 5690 4750 5657 4682 5516 4690 5472 4716 5400 4729 5390 4741 5434 4739 5463 4744 5478 4752 5479 4758 5450 4766 5451
P 4632 5364 4655 5297 4669 5282 4691 5282 4705 5338 4708 5404 4716 5400 4690 5472 4682 5516 4655 5482 4640 5443 4632 5364
P 4850 5259 4848 5217 4856 5186 4855 5162 4877 5102 4881 5053 4889 5036 4902 5045 4914 5031 4944 4958 4970 4928 4986 4918 4993 4931 5010 4931 5012 4999 5028 5045 5028 5080 5060 5097 5060 5146 5054 5167 5040 5174 5035 5205 5025 5214 4918 5216 4921 5311 4902 5292 4889 5295 4880 5313 4850 5259
P 5760 5628 5713 5626 5689 5652 5678 5637 5647 5673 5634 5665 5622 5714 5581 5693 5541 5642 5515 5702 5513 5752 5476 5736 5459 5774 5445 5841 5441 5787 5428 5764 5402 5664 5402 5612 5404 5556 5424 5470 5447 5465 5453 5447 5464 5464 5499 5437 5525 5384 5523 5358 5557 5356 5583 5323 5603 5244 5618 5215 5635 5203 5638 5234 5654 5279 5652 5360 5698 5441 5698 5465 5728 5533 5735 5576 5756 5605 5760 5628
P 5513 5752 5511 5795 5497 5879 5490 6034 5487 6057 5456 6129 5444 6199 5445 6258 5405 6361 5395 6348 5393 6328 5378 6327 5368 6355 5351 6323 5331 6366 5308 6290 5329 6250 5319 6203 5347 6176 5349 6144 5364 6178 5389 6181 5401 6100 5398 6043 5385 6001 5397 5918 5390 5903 5369 5909 5361 5872 5363 5841 5398 5844 5443 5880 5445 5841 5459 5774 5476 5736 5513 5752
P 5313 5841 5360 5837 5369 5909 5390 5903 5397 5918 5385 6001 5398 6043 5401 6100 5389 6181 5364 6178 5349 6144 5347 6176 5319 6203 5329 6250 5308 6290 5261 6158 5244 6084 5264 5931 5313 5928 5313 5841
P 5268 5840 5313 5841 5313 5928 5264 5931 5258 5920 5268 5840
P 5854 6603 5910 6667 5923 6699 5930 6760 5920 6838 5925 6897 5916 6922 5908 6989 5923 7008 5838 7067 5841 7118 5820 7128 5804 7157 5801 7182 5791 7187 5751 7293 5702 7278 5686 7251 5668 7247 5645 7263 5608 7159 5609 6931 5667 6932 5664 6789 5674 6791 5675 6813 5706 6818 5715 6851 5738 6861 5755 6838 5761 6876 5782 6886 5804 6956 5825 6956 5823 6879 5815 6892 5788 6851 5796 6694 5790 6662 5798 6616 5806 6608 5854 6603
P 5910 6667 5937 6680 5952 6734 5960 6832 5952 6886 5960 6980 5970 6979 5980 7002 5991 7054 5994 7146 5982 7161 5973 7211 5955 7167 5957 7054 5946 7036 5939 7042 5908 6989 5916 6922 5925 6897 5920 6838 5930 6760 5923 6699 5910 6667
P 5960 6832 5981 6826 6014 6846 6041 6835 6051 6814 6067 6815 6098 6787 6120 6745 6124 6777 6128 7024 6133 7060 6114 7161 6096 7205 6039 7268 5966 7425 5964 7477 5977 7531 5983 7595 5988 7591 5983 7695 5989 7707 5985 7737 5973 7763 5917 7826 5905 7853 5907 7883 5914 7888 5912 7925 5891 7925 5882 7835 5887 7755 5866 7603 5896 7521 5907 7463 5912 7205 5866 7144 5843 7145 5838 7067 5923 7008 5939 7042 5946 7036 5957 7054 5955 7167 5973 7211 5982 7161 5994 7146 5991 7054 5980 7002 5970 6979 5960 6980 5952 6886 5960 6832
P 5891 7925 5885 7957 5869 7965 5852 7926 5852 7901 5862 7853 5884 7861 5891 7925
P 5361 6347 5351 6362 5345 6412 5338 6420 5331 6366 5351 6323 5361 6347
P 5342 6442 5372 6425 5454 6426 5468 6523 5485 6584 5513 6568 5528 6578 5539 6518 5557 6515 5558 6503 5572 6502 5570 6528 5604 6528 5610 6601 5608 6688 5617 6715 5615 6800 5652 6785 5664 6789 5667 6811 5667 6932 5609 6931 5608 7159 5645 7263 5594 7292 5527 7282 5507 7248 5391 7256 5374 7223 5356 7221 5326 7247 5323 7202 5338 7042 5354 6948 5379 6869 5382 6816 5380 6775 5358 6663 5368 6619 5354 6502 5340 6456 5342 6442
P 5846 6177 5854 6245 5826 6324 5815 6327 5813 6240 5806 6208 5823 6213 5832 6173 5846 6177
P 5992 3653 5987 3676 5977 3666 5972 3714 5978 3722 5971 3732 5970 3751 5983 3741 5984 3769 5970 3884 5952 3760 5960 3737 5975 3627 5995 3612 5992 3653
P 5995 3612 5976 3626 5986 3567 6000 3514 6012 3518 6017 3546 6002 3573 5995 3612
P 6376 6900 6390 6978 6395 7064 6402 7098 6399 7132 6394 7154 6385 7111 6380 7133 6385 7186 6383 7216 6375 7233 6373 7294 6308 7796 6261 7843 6223 7799 6204 7641 6202 7589 6206 7537 6219 7525 6235 7400 6223 7321 6221 7255 6235 7169 6286 7138 6325 7053 6333 7016 6330 6986 6341 6994 6357 6944 6357 6901 6367 6869 6376 6900
P 5983 3741 5970 3751 5971 3732 5978 3722 5972 3714 5977 3666 5987 3676 5983 3741
P 4536 5027 4566 5025 4581 5007 4592 5024 4610 5013 4615 5033 4603 5049 4579 5033 4557 5060 4532 5059 4536 5027
P 5263 3826 5252 3697 5211 3608 5209 3554 5226 3513 5233 3454 5228 3386 5234 3349 5264 3320 5284 3328 5283 3365 5306 3338 5308 3352 5294 3387 5294 3421 5304 3438 5300 3501 5282 3537 5287 3576 5302 3577 5309 3611 5319 3623 5318 3678 5276 3749 5277 3809 5263 3826
P 4759 4035 4759 3931 4804 3878 4854 3848 4865 3812 4897 3784 4899 3730 4915 3724 4927 3697 4964 3685 4969 3657 4961 3642 4950 3523 4940 3477 4966 3437 4996 3425 5041 3373 5134 3355 5148 3365 5174 3337 5234 3349 5228 3386 5233 3454 5226 3513 5209 3554 5211 3608 5252 3697 5272 3889 5270 4099 5259 4129 5275 4181 5276 4212 5286 4252 5299 4239 5321 4272 5333 4317 5238 4454 5158 4595 5119 4627 5088 4634 5087 4589 5057 4556 5051 4523 4759 4035
P 5987 3676 5992 3653 6023 3682 6078 3605 6089 3693 6028 3740 6056 3811 6042 3848 6021 3858 6002 3906 5971 3894 5970 3884 5984 3769 5987 3676
P 6433 4262 6438 4258 6439 4278 6460 4266 6500 4270 6558 4131 6563 4156 6567 4213 6552 4213 6550 4260 6555 4270 6542 4284 6542 4313 6528 4387 6444 4351 6433 4262
P 6411 4225 6410 4173 6417 4135 6425 4127 6433 4150 6434 4192 6427 4234 6420 4239 6411 4225
P 6333 3850 6345 3952 6325 3954 6318 3920 6294 3913 6314 3844 6333 3850
P 6089 3693 6078 3605 6139 3530 6150 3444 6147 3391 6188 3317 6221 3327 6230 3345 6244 3333 6262 3418 6280 3440 6282 3482 6268 3507 6262 3563 6281 3631 6315 3671 6329 3725 6325 3777 6333 3777 6334 3815 6349 3853 6314 3844 6294 3913 6242 3907 6164 3762 6122 3712 6089 3693
P 6534 4372 6542 4284 6555 4270 6550 4260 6552 4213 6567 4213 6579 4262 6595 4288 6631 4310 6651 4375 6661 4385 6661 4401 6625 4536 6612 4532 6606 4549 6603 4642 6590 4642 6572 4669 6563 4719 6546 4719 6535 4737 6535 4766 6522 4786 6507 4779 6475 4807 6444 4638 6528 4567 6546 4423 6534 4372
P 6563 4156 6558 4131 6566 4107 6569 4113 6563 4156
P 9645 7146 9662 7187 9653 7196 9644 7165 9645 7146
P 9633 7130 9629 7055 9642 7077 9646 7135 9633 7130
P 7850 5128 7843 5041 7861 4982 7897 4968 7923 4978 7946 5006 7958 4957 7983 4983 7989 5031 7986 5117 7939 5173 7951 5216 7922 5221 7898 5250 7875 5240 7850 5128
P 7923 4978 7897 4968 7861 4982 7843 5041 7850 5128 7825 5095 7801 5096 7805 5040 7780 5040 7778 5119 7754 5288 7756 5340 7774 5342 7791 5470 7806 5511 7823 5519 7837 5557 7828 5586 7810 5595 7808 5558 7785 5526 7780 5539 7769 5512 7764 5476 7736 5401 7732 5444 7726 5404 7738 5290 7766 5149 7755 5084 7753 5010 7728 4917 7737 4904 7747 4841 7705 4678 7717 4665 7729 4588 7749 4584 7781 4537 7793 4559 7795 4602 7813 4605 7807 4681 7807 4745 7836 4702 7845 4715 7861 4713 7867 4688 7888 4693 7909 4751 7911 4822 7933 4885 7932 4946 7923 4978
P 7983 4983 7958 4957 7946 5006 7923 4978 7932 4946 7933 4885 7911 4822 7909 4751 7888 4693 7867 4688 7861 4713 7845 4715 7836 4702 7807 4745 7807 4681 7813 4605 7795 4602 7793 4559 7781 4537 7811 4463 7813 4480 7828 4482 7824 4400 7838 4389 7867 4512 7901 4512 7912 4575 7894 4594 7886 4619 7919 4662 7960 4811 7981 4861 7988 4911 7983 4983
P 7781 4537 7749 4584 7729 4588 7717 4665 7705 4678 7747 4841 7737 4904 7728 4917 7753 5010 7755 5084 7766 5149 7738 5290 7735 5237 7743 5182 7734 5139 7736 5061 7725 5024 7711 4847 7699 4787 7649 4875 7616 4851 7626 4762 7620 4695 7598 4612 7602 4586 7586 4577 7566 4518 7564 4461 7574 4471 7574 4420 7588 4403 7585 4372 7591 4348 7592 4274 7614 4290 7626 4231 7628 4196 7643 4135 7642 4094 7678 4045 7698 4058 7696 4013 7706 4000 7704 3973 7720 3968 7729 4010 7741 4027 7741 4141 7715 4201 7711 4287 7741 4275 7747 4341 7765 4355 7757 4414 7789 4455 7810 4434 7811 4463 7781 4537
P 7898 5250 7922 5221 7951 5216 7939 5173 7986 5117 7989 5031 7983 4983 7988 4911 7981 4861 7960 4811 7919 4662 7886 4619 7894 4594 7912 4575 7901 4512 7867 4512 7838 4389 7853 4372 7902 4364 7926 4326 7939 4353 7965 4366 7960 4407 7973 4436 8001 4455 7964 4517 7941 4584 7935 4634 7982 4804 8007 4848 8024 4906 8037 5039 8033 5165 7978 5259 7921 5386 7911 5340 7919 5291 7898 5250
P 8629 2957 8633 2970 8622 2966 8602 3014 8603 3066 8573 3116 8543 3147 8538 3186 8565 3229 8561 3247 8530 3255 8519 3287 8505 3291 8491 3277 8480 3297 8479 3283 8464 3265 8478 3225 8476 3212 8483 3173 8452 3135 8474 3088 8505 3050 8524 2999 8537 3021 8561 3024 8557 2986 8600 2955 8611 2915 8629 2957
P 8505 3291 8519 3287 8530 3255 8561 3247 8565 3229 8589 3314 8596 3360 8596 3443 8586 3483 8561 3497 8539 3526 8513 3533 8510 3493 8516 3440 8503 3365 8524 3353 8505 3291
P 7438 2461 7467 2449 7562 2353 7586 2375 7615 2376 7634 2410 7702 2430 7729 2380 7717 2338 7746 2264 7777 2293 7835 2320 7840 2374 7880 2404 7941 2382 7969 2391 8013 2462 8074 2473 8136 2444 8177 2393 8208 2425 8241 2419 8208 2545 8215 2574 8231 2565 8258 2576 8280 2550 8302 2573 8327 2623 8324 2648 8262 2650 8242 2670 8222 2718 8179 2746 8152 2784 8108 2763 8093 2809 8106 2860 8067 2923 8035 2948 7993 2951 7948 2976 7916 3015 7903 2992 7870 2992 7829 2949 7801 2938 7764 2948 7676 2934 7660 2891 7647 2825 7630 2817 7597 2772 7526 2750 7516 2718 7527 2634 7508 2577 7468 2550 7445 2511 7438 2461
P 7704 3973 7706 4000 7696 4013 7698 4058 7678 4045 7642 4094 7643 4135 7628 4196 7626 4231 7614 4290 7592 4274 7591 4348 7585 4372 7588 4403 7574 4420 7560 4306 7552 4306 7547 4352 7532 4315 7541 4274 7553 4270 7566 4209 7498 4188 7495 4138 7482 4134 7460 4103 7450 4152 7470 4190 7453 4217 7447 4243 7464 4262 7459 4306 7473 4419 7469 4445 7416 4459 7418 4513 7403 4556 7363 4604 7332 4689 7283 4781 7283 4814 7231 4861 7223 4916 7230 5069 7218 5137 7218 5260 7204 5263 7191 5318 7200 5341 7174 5362 7165 5411 7154 5431 7128 5364 7104 5191 7080 5088 7068 4953 7043 4855 7023 4623 7018 4469 6977 4512 6958 4504 6921 4416 6935 4390 6926 4362 6894 4301 6912 4253 6973 4254 6968 4192 6952 4155 6949 4100 6931 4068 6962 3992 6994 3998 7067 3778 7067 3726 7091 3685 7068 3649 7049 3538 7062 3507 7104 3524 7135 3514 7162 3453 7192 3537 7189 3596 7200 3633 7199 3670 7179 3660 7187 3739 7253 3835 7235 3867 7225 3935 7314 4037 7352 4047 7368 4083 7446 4106 7448 4001 7465 3985 7468 4056 7493 4084 7510 4073 7556 4075 7558 4031 7547 4008 7570 3999 7627 3900 7650 3918 7670 3887 7683 3932 7674 3962 7704 3973
P 7574 4420 7574 4471 7564 4461 7566 4518 7551 4410 7539 4368 7514 4365 7516 4395 7508 4435 7496 4420 7492 4433 7473 4419 7459 4306 7464 4262 7447 4243 7453 4217 7470 4190 7450 4152 7460 4103 7482 4134 7495 4138 7498 4188 7566 4209 7553 4270 7541 4274 7532 4315 7547 4352 7552 4306 7560 4306 7574 4420
P 7547 4008 7558 4031 7556 4075 7510 4073 7493 4084 7468 4056 7467 4042 7485 3989 7500 3970 7535 3989 7547 4008
P 7448 4001 7446 4106 7423 4107 7368 4083 7352 4047 7314 4037 7225 3935 7235 3867 7265 3818 7331 3897 7340 3931 7384 3977 7448 4001
P 7162 3453 7135 3514 7104 3524 7062 3507 7049 3538 7068 3649 7091 3685 7067 3726 7067 3778 6994 3998 6962 3992 6931 4068 6949 4100 6952 4155 6968 4192 6973 4254 6912 4253 6894 4301 6873 4283 6865 4231 6844 4177 6708 4202 6719 4118 6759 4081 6756 4048 6743 4036 6742 3973 6716 3941 6691 3860 6737 3897 6765 3886 6782 3895 6788 3880 6807 3886 6843 3856 6844 3795 6859 3754 6880 3754 6883 3734 6915 3732 6925 3711 6924 3668 6936 3625 6953 3607 6943 3559 6969 3561 6977 3535 6975 3508 6989 3478 6980 3411 6996 3380 7088 3335 7108 3369 7116 3424 7162 3453
P 6848 3319 6893 3343 6913 3320 6922 3334 6931 3301 6948 3303 6955 3263 6967 3238 6982 3255 6979 3276 6987 3280 6985 3340 6996 3364 7035 3309 7083 3315 7088 3335 6996 3380 6980 3411 6989 3478 6975 3508 6977 3535 6969 3561 6943 3559 6953 3607 6936 3625 6924 3668 6925 3711 6915 3732 6883 3734 6880 3754 6859 3754 6844 3795 6843 3856 6807 3886 6788 3880 6782 3895 6765 3886 6737 3897 6691 3860 6716 3795 6714 3749 6693 3737 6682 3634 6693 3594 6681 3584 6700 3442 6729 3469 6750 3460 6755 3427 6793 3394 6799 3337 6822 3323 6826 3297 6848 3319
P 6884 3335 6900 3262 6894 3208 6873 3191 6881 3160 6904 3163 6926 3077 6963 3060 6957 3094 6961 3114 6973 3112 6962 3134 6932 3122 6930 3163 6960 3158 6994 3181 7047 3170 7054 3237 7063 3230 7080 3246 7083 3315 7035 3309 6996 3364 6985 3340 6987 3280 6979 3276 6982 3255 6967 3238 6955 3263 6948 3303 6931 3301 6922 3334 6913 3320 6893 3343 6884 3335
P 6971 2967 6977 2935 6996 2925 7041 2950 7046 2907 7061 2892 7101 2923 7198 2924 7212 2950 7229 2961 7226 2977 7182 3016 7172 3044 7136 3053 7126 3099 7096 3089 7051 3137 7054 3154 7047 3170 6994 3181 6960 3158 6930 3163 6932 3122 6962 3134 6973 3112 6994 3119 7029 3067 6996 3029 6977 3047 6956 3020 6979 2974 6971 2967
P 6458 3001 6471 2977 6502 2962 6521 2983 6540 3039 6586 3034 6581 2998 6629 2932 6666 2970 6669 3027 6680 3042 6710 3038 6719 3051 6733 3126 6783 3209 6849 3275 6848 3319 6826 3297 6822 3323 6799 3337 6793 3394 6755 3427 6750 3460 6729 3469 6700 3442 6698 3382 6677 3379 6645 3315 6623 3307 6593 3271 6542 3276 6522 3317 6498 3331 6493 3280 6497 3205 6475 3180 6482 3131 6464 3127 6470 3066 6496 3084 6520 3061 6500 3018 6492 2977 6470 2995 6467 3048 6458 3001
P 6349 3853 6334 3815 6333 3777 6325 3777 6329 3725 6315 3671 6281 3631 6262 3563 6268 3507 6282 3482 6280 3440 6262 3418 6228 3275 6234 3253 6225 3170 6244 3150 6263 3210 6282 3220 6335 3159 6343 3181 6334 3216 6351 3254 6358 3250 6367 3303 6393 3318 6412 3354 6452 3367 6495 3347 6498 3331 6522 3317 6542 3276 6593 3271 6623 3307 6645 3315 6677 3379 6698 3382 6700 3442 6681 3584 6693 3594 6682 3634 6693 3737 6714 3749 6716 3795 6691 3860 6716 3941 6742 3973 6743 4036 6756 4048 6759 4081 6719 4118 6708 4202 6594 4154 6583 4066 6569 4053 6520 4101 6486 4077 6458 4022 6431 4001 6392 3837 6377 3849 6359 3825 6349 3853
P 5992 3653 6002 3573 6017 3546 6012 3518 6000 3514 5997 3459 6019 3398 6021 3358 6030 3372 6060 3352 6098 3365 6130 3338 6176 3328 6162 3373 6147 3391 6150 3444 6139 3530 6023 3682 5992 3653
P 6292 3218 6282 3220 6271 3167 6258 3167 6213 3111 6215 3076 6211 3051 6249 3040 6266 3071 6260 3089 6275 3114 6267 3137 6291 3168 6292 3218
P 5306 1774 5342 1684 5351 1599 5333 1563 5331 1467 5349 1400 5377 1401 5387 1373 5377 1348 5466 1116 5492 1117 5500 1077 5552 1088 5556 1041 5573 1038 5654 1122 5655 1233 5664 1261 5616 1281 5589 1331 5594 1375 5496 1495 5476 1596 5495 1646 5522 1686 5496 1767 5467 1784 5457 1905 5441 1972 5407 1965 5392 2022 5360 2026 5351 1958 5306 1774
P 5783 1968 5812 1986 5816 2003 5830 1995 5858 2012 5860 2046 5854 2065 5883 2125 5881 2138 5900 2151 5908 2170 5897 2186 5870 2190 5883 2260 5859 2264 5851 2280 5849 2316 5704 2274 5654 2297 5653 2265 5644 2232 5661 2217 5652 2130 5679 2130 5709 2103 5716 2063 5739 2040 5736 2007 5783 1968
P 5883 2260 5938 2243 5955 2284 5948 2298 5951 2321 5973 2324 5982 2369 6017 2395 6039 2383 6056 2417 6113 2439 6113 2461 6102 2498 6108 2538 6104 2562 6077 2567 6063 2587 6062 2619 6040 2625 6021 2648 5995 2652 5971 2679 5973 2717 5936 2682 5929 2700 5882 2674 5880 2647 5854 2656 5822 2749 5810 2737 5797 2748 5784 2735 5804 2680 5802 2667 5834 2668 5817 2601 5807 2590 5809 2565 5796 2546 5765 2521 5691 2573 5678 2556 5643 2548 5631 2563 5629 2544 5613 2524 5627 2477 5633 2481 5626 2448 5651 2389 5665 2380 5667 2360 5654 2297 5704 2274 5849 2316 5851 2280 5859 2264 5883 2260
P 5652 2130 5661 2217 5644 2232 5667 2360 5665 2380 5651 2389 5626 2448 5633 2481 5600 2449 5567 2452 5551 2467 5537 2442 5525 2451 5511 2412 5490 2407 5488 2385 5469 2377 5464 2395 5449 2380 5451 2361 5430 2354 5417 2331 5406 2285 5408 2261 5401 2222 5391 2197 5399 2177 5392 2141 5490 2062 5517 2074 5519 2092 5631 2100 5646 2108 5652 2130
P 5472 2546 5470 2575 5454 2575 5459 2591 5445 2649 5420 2651 5406 2667 5344 2643 5338 2618 5310 2631 5307 2644 5263 2619 5267 2589 5275 2585 5289 2605 5293 2586 5337 2576 5359 2593 5358 2534 5368 2525 5378 2491 5398 2515 5424 2480 5445 2502 5458 2498 5471 2512 5472 2546
P 5613 2524 5629 2544 5631 2563 5614 2578 5584 2676 5544 2686 5513 2716 5490 2702 5450 2637 5459 2591 5454 2575 5470 2575 5472 2546 5496 2572 5562 2531 5578 2510 5608 2532 5613 2524
P 5739 2539 5765 2521 5796 2546 5809 2565 5807 2590 5817 2601 5834 2668 5802 2667 5804 2680 5784 2735 5779 2702 5781 2640 5748 2546 5739 2539
P 5784 2735 5822 2749 5823 2768 5809 2783 5801 2776 5793 2863 5757 2829 5710 2864 5637 2855 5624 2813 5631 2800 5624 2791 5615 2808 5599 2787 5597 2757 5580 2740 5577 2717 5562 2689 5584 2676 5614 2578 5643 2548 5678 2556 5691 2573 5739 2539 5748 2546 5781 2640 5779 2702 5784 2735
P 5736 2007 5739 2040 5716 2063 5709 2103 5679 2130 5652 2130 5646 2108 5631 2100 5632 2062 5591 2038 5585 1977 5617 1955 5691 1953 5694 1968 5709 1972 5736 2007
P 5758 1874 5771 1890 5783 1968 5736 2007 5709 1972 5694 1968 5691 1953 5617 1955 5585 1977 5586 1923 5599 1878 5626 1854 5648 1907 5670 1906 5675 1851 5699 1838 5735 1874 5758 1874
P 5777 1730 5781 1742 5762 1784 5770 1851 5758 1874 5735 1874 5699 1838 5675 1851 5679 1808 5668 1817 5651 1792 5648 1751 5718 1720 5777 1730
P 5392 2141 5399 2177 5391 2197 5401 2222 5408 2261 5406 2285 5417 2331 5397 2331 5340 2392 5348 2443 5378 2491 5368 2525 5358 2534 5359 2593 5337 2576 5293 2586 5289 2605 5275 2585 5237 2567 5231 2582 5207 2582 5211 2531 5225 2481 5185 2468 5172 2449 5173 2418 5168 2402 5171 2353 5166 2278 5183 2278 5190 2251 5197 2185 5192 2161 5197 2145 5220 2141 5226 2157 5244 2122 5237 2054 5258 2064 5276 2053 5276 2080 5304 2097 5304 2123 5348 2090 5392 2141
P 5629 2825 5637 2855 5710 2864 5757 2829 5793 2863 5779 2893 5769 2944 5778 2985 5754 2976 5725 2998 5725 3034 5700 3041 5680 3016 5658 3035 5638 3033 5636 2986 5622 2963 5628 2921 5639 2899 5625 2868 5623 2841 5629 2825
P 5730 3467 5727 3488 5687 3494 5687 3483 5653 3469 5658 3438 5674 3462 5716 3463 5715 3476 5730 3467
P 5638 3033 5658 3035 5680 3016 5700 3041 5725 3034 5725 2998 5739 3017 5730 3062 5724 3070 5692 3061 5659 3080 5678 3120 5648 3132 5634 3095 5629 3111 5635 3154 5649 3188 5638 3203 5667 3257 5668 3298 5642 3279 5650 3316 5633 3323 5643 3386 5625 3387 5602 3356 5587 3251 5560 3156 5573 3121 5574 3098 5583 3088 5584 3069 5638 3033
P 6244 3333 6230 3345 6221 3327 6188 3317 6130 3338 6098 3365 6060 3352 6030 3372 6021 3358 6019 3398 6004 3430 5994 3397 6004 3370 5988 3376 5964 3360 5945 3401 5903 3409 5881 3371 5851 3368 5844 3398 5825 3406 5798 3368 5768 3369 5751 3298 5731 3258 5745 3202 5727 3168 5758 3099 5801 3096 5812 3042 5865 3051 5899 3005 5931 2984 5977 2983 6065 3061 6121 3057 6154 3019 6184 3016 6211 3051 6215 3076 6213 3111 6244 3150 6225 3170 6234 3253 6228 3275 6244 3333
P 5725 2998 5754 2976 5778 2985 5781 3013 5805 3036 5800 3054 5767 3058 5732 3118 5724 3070 5730 3062 5739 3017 5725 2998
P 5584 3069 5583 3088 5574 3098 5573 3121 5560 3156 5539 3111 5537 3077 5543 3006 5536 2972 5548 2936 5550 2950 5558 2943 5570 2970 5572 3051 5584 3069
P 5460 2662 5490 2702 5513 2716 5523 2705 5539 2753 5528 2780 5515 2764 5472 2753 5459 2755 5453 2770 5443 2753 5438 2783 5491 2912 5516 2939 5513 2951 5445 2877 5422 2824 5427 2819 5414 2789 5414 2765 5396 2753 5388 2784 5379 2760 5381 2734 5400 2737 5405 2724 5426 2738 5426 2718 5435 2710 5438 2681 5460 2662
P 5267 2589 5263 2619 5290 2634 5288 2663 5276 2676 5255 2667 5249 2696 5236 2698 5231 2686 5215 2711 5202 2714 5181 2667 5167 2679 5168 2646 5188 2606 5187 2587 5231 2582 5237 2567 5267 2589
P 5168 2402 5173 2418 5172 2449 5158 2445 5161 2404 5168 2402
P 5171 2353 5168 2402 5161 2404 5158 2445 5133 2412 5119 2417 5087 2355 5074 2354 5070 2328 5138 2305 5171 2353
P 5192 2161 5197 2185 5190 2251 5183 2278 5166 2278 5171 2353 5138 2305 5112 2320 5092 2314 5106 2294 5131 2189 5169 2159 5192 2161
P 4749 2994 4770 2966 4777 3001 4815 2994 4823 3030 4810 3050 4804 3150 4792 3156 4803 3199 4795 3246 4805 3268 4791 3314 4793 3338 4782 3357 4767 3346 4753 3354 4754 3254 4742 3247 4735 3220 4738 3173 4749 3147 4756 3075 4749 2994
P 4793 3338 4791 3314 4805 3268 4795 3246 4803 3199 4792 3156 4804 3150 4810 3050 4823 3030 4815 2994 4777 3001 4770 2966 4749 2994 4750 2943 4739 2912 4778 2860 4879 2885 4947 2883 4958 2911 5009 2944 5019 2929 5051 2961 5083 2952 5084 2993 5058 3041 5023 3056 4992 3179 5003 3220 4987 3252 4981 3299 4960 3313 4940 3368 4879 3368 4851 3421 4837 3415 4819 3349 4793 3338
P 4828 2133 4832 2184 4811 2248 4762 2291 4723 2280 4745 2205 4731 2132 4790 2042 4795 2081 4790 2119 4828 2133
P 9605 7519 9642 7596 9632 7613 9616 7594 9579 7524 9556 7449 9568 7450 9605 7519
P 9503 6757 9511 6782 9492 6781 9481 6737 9503 6757
P 9491 6694 9487 6707 9466 6645 9461 6602 9470 6602 9491 6694
P 9468 6713 9440 6708 9434 6696 9436 6668 9455 6679 9468 6713
P 9434 6580 9442 6617 9395 6537 9399 6530 9434 6580
P 9365 6508 9376 6532 9358 6519 9347 6490 9348 6478 9365 6508
P 9913 8883 9889 8971 9868 8999 9851 8970 9867 8911 9858 8872 9828 8843 9829 8817 9849 8792 9853 8690 9842 8629 9807 8536 9795 8485 9806 8479 9821 8519 9842 8538 9850 8602 9870 8678 9871 8629 9884 8648 9888 8702 9929 8732 9945 8704 9959 8713 9944 8818 9922 8817 9915 8839 9918 8870 9913 8883
P 9713 9134 9753 9059 9766 9005 9776 8987 9780 8947 9800 8914 9812 8974 9832 8945 9840 8975 9840 9005 9798 9120 9808 9155 9786 9156 9763 9183 9739 9303 9704 9355 9678 9354 9660 9330 9630 9325 9625 9299 9640 9245 9675 9174 9713 9134
P 9102 8936 9119 8941 9121 9026 9112 9051 9109 9109 9099 9089 9080 9139 9057 9133 9040 9072 9036 9024 9020 8962 9021 8929 9066 8960 9102 8936
P 8504 8319 8451 8372 8435 8439 8394 8447 8369 8434 8330 8445 8314 8484 8306 8480 8278 8524 8240 8521 8195 8461 8196 8420 8214 8394 8217 8318 8194 8162 8196 8121 8184 8053 8171 8024 8168 7968 8148 7880 8161 7912 8151 7845 8173 7894 8173 7857 8150 7756 8162 7661 8159 7619 8171 7567 8173 7622 8185 7572 8242 7491 8262 7495 8313 7438 8357 7418 8396 7311 8398 7244 8417 7183 8429 7245 8441 7230 8431 7196 8439 7162 8452 7177 8455 7122 8477 7059 8491 7046 8491 7026 8503 7035 8504 7017 8530 6997 8566 7072 8601 7079 8595 7040 8608 6982 8621 6964 8616 6946 8628 6905 8645 6879 8659 6888 8683 6874 8682 6838 8662 6814 8677 6803 8710 6851 8733 6869 8741 6862 8758 6884 8791 6856 8804 6891 8786 6959 8777 6961 8780 6990 8762 7061 8764 7082 8842 7212 8864 7230 8868 7252 8895 7276 8913 7252 8924 7181 8936 7085 8931 6988 8940 6919 8936 6895 8948 6797 8959 6770 8967 6806 8969 6851 8975 6859 8977 6889 8987 6926 8988 6993 8998 7049 9016 7022 9038 7081 9035 7112 9041 7174 9045 7210 9052 7219 9060 7280 9057 7317 9066 7366 9135 7469 9131 7486 9147 7532 9158 7609 9169 7594 9180 7625 9187 7614 9192 7690 9246 7819 9254 7877 9253 7963 9266 8024 9247 8277 9235 8343 9214 8378 9176 8567 9167 8693 9151 8718 9120 8721 9094 8750 9064 8809 9024 8764 9029 8727 9013 8741 8989 8793 8907 8736 8889 8692 8877 8601 8863 8572 8837 8563 8846 8528 8839 8475 8826 8524 8801 8538 8815 8498 8820 8456 8830 8421 8828 8368 8805 8429 8788 8454 8777 8511 8756 8481 8757 8443 8725 8364 8730 8348 8648 8267 8598 8274 8531 8324 8504 8319
P 7272 5463 7268 5538 7232 5575 7219 5518 7214 5414 7226 5298 7246 5338 7272 5463
P 8041 4696 8018 4674 8017 4612 8031 4579 8077 4561 8084 4588 8071 4620 8065 4662 8041 4696
P 7229 2961 7227 2920 7246 2901 7221 2776 7291 2731 7311 2603 7366 2626 7381 2594 7382 2522 7406 2515 7427 2467 7438 2461 7445 2511 7468 2550 7508 2577 7527 2634 7516 2718 7526 2750 7597 2772 7630 2817 7647 2825 7660 2891 7676 2934 7764 2948 7801 2938 7829 2949 7870 2992 7903 2992 7916 3015 7948 2976 7993 2951 8035 2948 8067 2923 8106 2860 8093 2809 8108 2763 8152 2784 8179 2746 8222 2718 8242 2670 8262 2650 8324 2648 8327 2623 8302 2573 8280 2550 8258 2576 8231 2565 8215 2574 8208 2545 8241 2419 8274 2446 8314 2401 8313 2369 8338 2293 8354 2270 8353 2230 8338 2213 8361 2177 8396 2164 8433 2162 8499 2210 8536 2358 8546 2428 8594 2451 8627 2502 8639 2570 8681 2570 8705 2541 8751 2520 8725 2611 8716 2690 8697 2760 8663 2747 8640 2772 8647 2834 8643 2919 8629 2921 8629 2957 8611 2915 8600 2955 8557 2986 8561 3024 8537 3021 8524 2999 8505 3050 8452 3135 8413 3155 8393 3189 8363 3209 8377 3175 8372 3147 8394 3099 8379 3061 8323 3137 8306 3183 8279 3187 8265 3220 8279 3269 8302 3280 8303 3313 8325 3334 8356 3282 8381 3310 8399 3312 8403 3350 8364 3370 8351 3409 8324 3445 8310 3495 8340 3535 8351 3605 8386 3726 8386 3780 8368 3799 8375 3838 8391 3860 8380 3976 8365 3982 8296 4240 8219 4367 8188 4375 8171 4407 8161 4383 8146 4419 8107 4455 8077 4466 8068 4542 8052 4546 8045 4494 8052 4466 8015 4443 8001 4455 7973 4436 7960 4407 7965 4366 7939 4353 7926 4326 7902 4364 7853 4372 7824 4400 7828 4482 7813 4480 7810 4434 7789 4455 7757 4414 7765 4355 7747 4341 7741 4275 7711 4287 7715 4201 7741 4141 7741 4027 7729 4010 7720 3968 7674 3962 7683 3932 7670 3887 7650 3918 7627 3900 7570 3999 7547 4008 7535 3989 7500 3970 7485 3989 7467 4042 7465 3985 7448 4001 7384 3977 7340 3931 7331 3897 7315 3887 7287 3840 7265 3818 7253 3835 7187 3739 7179 3660 7199 3670 7200 3633 7189 3596 7192 3537 7162 3453 7116 3424 7108 3369 7083 3315 7080 3246 7063 3230 7054 3237 7047 3170 7054 3154 7051 3137 7077 3103 7096 3089 7126 3099 7136 3053 7172 3044 7182 3016 7226 2977 7229 2961
P 8383 4251 8354 4425 8339 4364 8336 4311 8353 4240 8375 4186 8388 4207 8383 4251
P 5290 2634 5307 2644 5310 2631 5338 2618 5344 2643 5384 2662 5381 2697 5387 2728 5365 2717 5342 2743 5341 2799 5350 2835 5376 2872 5390 2931 5421 2989 5442 2988 5449 3004 5441 3019 5510 3104 5513 3117 5508 3143 5493 3109 5469 3098 5457 3144 5477 3171 5474 3208 5462 3213 5447 3274 5436 3280 5441 3219 5447 3204 5428 3126 5379 3044 5358 3039 5311 2960 5292 2919 5283 2848 5247 2816 5207 2864 5210 2833 5195 2824 5187 2768 5197 2746 5189 2719 5190 2699 5202 2714 5215 2711 5231 2686 5236 2698 5249 2696 5255 2667 5276 2676 5288 2663 5290 2634
P 5410 3263 5431 3257 5421 3313 5425 3335 5419 3372 5345 3301 5349 3264 5410 3263
P 5242 3065 5256 3042 5272 3093 5269 3189 5256 3184 5245 3208 5234 3189 5233 3102 5227 3061 5242 3065
P 5276 2053 5258 2064 5237 2054 5226 2014 5225 1941 5237 1900 5262 1895 5294 1855 5293 1892 5285 1916 5288 1936 5303 1947 5296 1974 5288 1966 5268 2018 5276 2053
P 5344 1972 5353 2008 5336 2066 5307 2025 5303 1995 5344 1972
P 4828 2133 4790 2119 4795 2081 4790 2042 4813 2039 4843 2084 4828 2133
P 4914 2166 4918 2124 4899 2079 4865 2067 4859 2047 4869 2015 4860 1995 4845 2029 4843 1960 4829 1923 4839 1849 4861 1791 4917 1790 4887 1868 4946 1859 4938 1917 4913 1982 4942 1986 4969 2078 4988 2090 5013 2200 5047 2214 5043 2260 5029 2281 5040 2318 5015 2356 4978 2355 4931 2375 4918 2361 4900 2394 4874 2386 4854 2414 4840 2399 4880 2324 4905 2308 4862 2296 4854 2268 4883 2245 4867 2207 4873 2160 4914 2166
P 4597 1228 4591 1275 4622 1324 4586 1379 4482 1441 4368 1408 4395 1376 4335 1341 4384 1327 4383 1306 4324 1289 4343 1242 4385 1232 4428 1280 4471 1241 4506 1262 4551 1223 4597 1228
P 6289 2996 6297 2998 6316 3042 6328 3047 6350 2999 6378 3088 6391 3092 6400 3111 6377 3117 6367 3198 6357 3215 6358 3250 6351 3254 6334 3216 6343 3181 6335 3159 6292 3218 6291 3168 6267 3137 6275 3114 6260 3089 6266 3071 6249 3040 6256 3028 6292 3053 6295 3044 6282 3006 6289 2996
P 6282 3220 6263 3210 6244 3150 6271 3167 6282 3220
P 6110 2883 6113 2874 6178 2898 6220 2946 6237 2935 6263 2950 6272 2979 6289 2996 6282 3006 6295 3044 6277 3049 6256 3028 6211 3051 6184 3016 6154 3019 6158 2988 6151 2939 6110 2883
P 8356 5091 8342 5036 8366 5039 8376 5065 8368 5127 8356 5091
P 8405 5287 8412 5266 8415 5222 8431 5218 8426 5266 8447 5197 8444 5265 8417 5355 8399 5306 8405 5287
P 8510 5399 8515 5487 8505 5553 8495 5480 8482 5516 8491 5569 8483 5603 8451 5561 8443 5509 8451 5475 8434 5441 8425 5471 8412 5468 8391 5508 8387 5487 8398 5426 8430 5379 8440 5412 8461 5392 8466 5360 8485 5358 8484 5302 8506 5336 8510 5399
P 8292 5334 8255 5402 8305 5258 8320 5187 8325 5245 8292 5334
P 8398 4694 8394 4724 8403 4775 8396 4835 8380 4859 8375 4917 8381 4974 8408 4974 8443 5013 8440 5053 8449 5070 8447 5103 8425 5068 8415 5030 8408 5056 8390 5013 8365 5024 8351 5008 8352 4978 8361 4960 8353 4943 8349 4969 8331 4897 8330 4828 8341 4852 8344 4739 8353 4674 8370 4674 8387 4695 8396 4676 8398 4694
P 8390 5183 8386 5149 8402 5171 8420 5171 8419 5201 8389 5253 8390 5183
P 8486 5130 8494 5210 8473 5191 8480 5259 8467 5276 8466 5225 8457 5221 8453 5178 8469 5183 8469 5156 8452 5101 8479 5103 8486 5130
P 7780 5539 7785 5526 7808 5558 7810 5595 7828 5586 7837 5557 7860 5607 7872 5655 7875 5803 7885 5823 7895 5911 7876 5916 7816 5805 7813 5769 7797 5721 7793 5661 7783 5622 7786 5570 7780 5539
P 8275 5706 8218 5694 8209 5776 8198 5801 8184 5901 8161 5916 8135 5896 8122 5902 8105 5939 8088 5934 8070 5948 8051 5908 8046 5860 8067 5884 8088 5871 8094 5810 8139 5781 8172 5679 8185 5716 8191 5691 8204 5694 8207 5612 8228 5562 8242 5506 8254 5506 8268 5542 8269 5574 8311 5615 8309 5643 8290 5647 8295 5682 8275 5706
P 8207 5612 8204 5694 8191 5691 8185 5716 8172 5679 8207 5612
P 5384 2662 5406 2667 5450 2637 5460 2662 5438 2681 5435 2710 5426 2718 5426 2738 5405 2724 5400 2737 5381 2734 5387 2728 5381 2697 5384 2662
P 5794 1041 5790 1091 5833 1139 5807 1193 5839 1275 5821 1337 5846 1390 5834 1437 5875 1486 5865 1523 5780 1656 5729 1662 5635 1703 5619 1664 5592 1640 5598 1570 5585 1505 5598 1463 5623 1418 5706 1325 5703 1295 5664 1261 5655 1233 5654 1122 5573 1038 5590 1019 5621 1057 5657 1053 5687 1071 5714 1039 5727 986 5770 962 5806 990 5794 1041
P 5627 2477 5608 2532 5578 2510 5562 2531 5496 2572 5472 2546 5469 2521 5475 2496 5497 2490 5515 2447 5537 2442 5551 2467 5567 2452 5600 2449 5627 2477
P 5417 2331 5430 2354 5451 2361 5449 2380 5464 2395 5469 2377 5488 2385 5490 2407 5511 2412 5524 2447 5505 2463 5497 2490 5475 2496 5471 2512 5424 2480 5398 2515 5348 2443 5340 2392 5397 2331 5417 2331
P 6012 4967 6009 4939 6024 4785 6032 4763 6053 4751 6067 4710 6091 4860 6144 4962 6197 5091 6188 5109 6176 5102 6136 4989 6112 4960 6093 4960 6086 4945 6070 4961 6053 4929 6044 4982 6012 4967
P 8941 3188 8916 3261 8916 3335 8906 3392 8910 3428 8896 3479 8860 3513 8812 3517 8772 3599 8753 3571 8752 3518 8704 3534 8671 3567 8639 3569 8667 3622 8648 3744 8630 3774 8617 3746 8624 3681 8606 3660 8595 3611 8621 3589 8636 3544 8663 3507 8684 3458 8739 3436 8769 3451 8798 3323 8816 3357 8873 3258 8890 3170 8886 3089 8897 3044 8927 3030 8942 3130 8941 3188
P 9017 2845 9037 2814 9043 2895 9002 2915 8977 2986 8934 2937 8919 3016 8888 3017 8884 2945 8898 2890 8927 2886 8944 2730 8976 2805 9017 2845
P 8677 3599 8692 3556 8708 3565 8720 3534 8740 3550 8744 3574 8728 3618 8716 3595 8702 3612 8695 3654 8677 3633 8677 3599
P 3384 7454 3392 7494 3391 7591 3420 7605 3431 7591 3450 7610 3461 7725 3482 7717 3492 7730 3478 7917 3453 7972 3431 7983 3372 7953 3399 7844 3395 7812 3333 7731 3310 7720 3259 7603 3270 7478 3284 7415 3358 7395 3384 7432 3384 7454
P 6444 4638 6475 4807 6455 4827 6449 4883 6377 4947 6352 4998 6332 4997 6315 5027 6267 5049 6250 5091 6208 5096 6201 5054 6201 5014 6183 4911 6189 4907 6188 4829 6201 4806 6198 4776 6205 4740 6216 4759 6256 4751 6299 4762 6306 4786 6319 4774 6338 4698 6364 4666 6444 4638
P 5971 3894 6002 3906 6021 3858 6042 3848 6056 3811 6028 3740 6089 3693 6122 3712 6164 3762 6242 3907 6318 3920 6325 3954 6345 3952 6356 4014 6393 4086 6396 4164 6411 4225 6420 4239 6427 4234 6444 4351 6528 4387 6534 4372 6546 4423 6528 4567 6444 4638 6364 4666 6338 4698 6319 4774 6306 4786 6299 4762 6256 4751 6216 4759 6205 4740 6198 4776 6201 4806 6188 4829 6174 4748 6160 4722 6145 4662 6137 4603 6118 4554 6106 4542 6087 4474 6085 4381 6069 4302 6041 4259 6026 4164 5976 3987 5962 3988 5971 3894
P 5909 3479 5915 3461 5935 3462 5960 3440 5942 3471 5944 3484 5909 3479
P 5909 3479 5945 3490 5916 3519 5903 3510 5896 3481 5909 3479
P 4940 3477 4950 3523 4961 3642 4969 3657 4964 3685 4927 3697 4915 3724 4899 3730 4897 3784 4865 3812 4854 3848 4804 3878 4759 3931 4756 4055 4739 4057 4730 4074 4684 4072 4674 4128 4666 4133 4653 4224 4614 4301 4605 4401 4590 4459 4527 4464 4529 4431 4548 4374 4546 4350 4556 4299 4581 4242 4589 4162 4599 4117 4617 4091 4635 4018 4649 3989 4675 3981 4734 3853 4727 3763 4742 3664 4760 3615 4808 3553 4835 3434 4856 3434 4872 3465 4899 3460 4940 3477
P 6024 4423 5694 4423 5694 3903 5686 3845 5693 3800 5689 3770 5699 3735 5736 3734 5803 3785 5836 3742 5860 3736 5880 3745 5888 3781 5894 3757 5938 3778 5952 3760 5970 3884 5949 4004 5942 4017 5920 3962 5901 3859 5898 3865 5947 4125 5991 4284 5986 4297 5987 4344 6024 4423
P 5694 4423 5694 4566 5663 4567 5662 4597 5441 4322 5393 4388 5377 4348 5333 4317 5321 4272 5299 4239 5286 4252 5276 4212 5275 4181 5259 4129 5270 4099 5269 3981 5274 3923 5263 3826 5277 3809 5276 3749 5318 3678 5319 3623 5352 3647 5387 3653 5423 3685 5436 3749 5501 3793 5530 3829 5557 3777 5551 3722 5559 3687 5579 3653 5598 3644 5636 3658 5645 3691 5692 3712 5699 3735 5689 3770 5693 3800 5686 3845 5694 3903 5694 4423
P 6327 5429 6249 5644 6213 5648 6188 5698 6170 5700 6163 5722 6144 5722 6132 5698 6107 5728 6099 5758 6059 5745 6024 5684 6004 5684 5995 5661 5995 5620 5981 5608 5964 5530 5951 5513 5932 5449 5915 5444 5925 5403 5940 5402 5952 5240 5965 5220 5979 5136 5996 5100 6012 4967 6044 4982 6053 4929 6070 4961 6086 4945 6093 4960 6112 4960 6136 4989 6156 5037 6176 5102 6157 5168 6160 5210 6182 5206 6188 5219 6182 5244 6213 5344 6304 5429 6327 5429
P 6176 5102 6188 5109 6197 5091 6203 5113 6202 5143 6187 5160 6198 5180 6188 5219 6182 5206 6160 5210 6157 5168 6176 5102
P 6360 5184 6359 5325 6327 5429 6304 5429 6213 5344 6182 5244 6198 5180 6225 5253 6296 5227 6360 5184
P 5942 6072 5855 6077 5828 6107 5822 6100 5830 5961 5846 5890 5866 5845 5855 5836 5856 5752 5868 5732 5886 5748 5928 5731 5945 5698 5958 5748 5973 5867 5941 5996 5942 6072
P 5845 6085 5856 6126 5854 6168 5832 6173 5823 6213 5806 6208 5814 6120 5822 6100 5828 6107 5845 6085
P 5516 2939 5491 2912 5457 2839 5438 2783 5443 2753 5453 2770 5459 2755 5472 2753 5538 2780 5531 2812 5544 2839 5540 2873 5520 2899 5516 2939
P 5622 2963 5636 2986 5638 3033 5584 3069 5572 3051 5568 3021 5577 2982 5622 2963
P 5523 2705 5544 2686 5562 2689 5577 2717 5580 2740 5597 2757 5599 2787 5615 2808 5624 2791 5631 2800 5624 2813 5629 2825 5623 2841 5625 2868 5639 2899 5628 2921 5623 2944 5626 2953 5599 2968 5605 2937 5578 2894 5563 2927 5534 2876 5540 2873 5544 2839 5531 2812 5538 2780 5528 2780 5539 2753 5523 2705
P 5558 2943 5550 2950 5548 2936 5536 2972 5538 2994 5513 2951 5520 2899 5534 2876 5565 2921 5558 2943
P 5572 2996 5570 2970 5558 2943 5573 2898 5578 2894 5605 2937 5599 2968 5572 2996
P 3287 5231 3308 5224 3307 5277 3279 5279 3287 5259 3287 5231
P 5856 5752 5832 5704 5825 5673 5790 5696 5777 5687 5756 5605 5735 5576 5728 5533 5698 5465 5698 5441 5664 5384 5682 5363 5696 5266 5716 5256 5735 5317 5743 5323 5753 5311 5773 5314 5777 5328 5805 5328 5806 5314 5820 5300 5823 5279 5833 5264 5857 5306 5871 5299 5900 5208 5898 5164 5891 5143 5908 5140 5910 5124 5922 5129 5919 5182 5922 5233 5937 5262 5944 5380 5940 5402 5925 5403 5915 5444 5932 5449 5947 5485 5951 5513 5964 5530 5981 5608 5928 5731 5886 5748 5868 5732 5856 5752
